2384580138
2421578192
2427164979
2360964992
2427475097
2427467748
2408969296
2440495547
2428873368
2421518634
2403703651
2427482388
2427434339
2384580138
2421578192
2427164979
2429945335
2360964992
2427475097
2427467748
2408969296
2440495547
2428873368
2421518634
2403703651
2427482388
2427434339
2403704164
2396569380
2408720684
2429945412
2442537241
2379783732
2428865830
2419977093
2423590697
2428471577
2396549170
2386954624
2427164979
2402721591
2381795713
2427467748
2389797258
2384580138
2427482388
2428873368
2408969296
2379783732
2429945412
2396313877
2421518634
2403704164
2427475097
2427434339
2408720684
2396569380
2403703651
2423590697
2428471577
2428865830
2440456962
2426454869
2429712088
2376894551
2383140949
2440421443
2428334768
2440419742
2302899304
2440470081
2440422379
2438515118
2396549170
2432222288
2442524140
2440423346
2430878965
2440423288
2302896778
2425241394
2393677202
2430273563
2302898342
2422400807
2360964992
2407182624
2395731964
2396549170
2386954624
2427164979
2402721591
2381795713
2389797258
2384580138
2428466870
2427482388
2408969296
2428873368
2379783732
2396313877
2421518634
2403704164
2427434339
2408720684
2396569380
2403703651
2423590697
2428865830
2384580138
2421578192
2427164979
2429945335
2360964992
2427475097
2427467748
2408969296
2440495547
2428873368
2421518634
2403703651
2427482388
2427434339
2403704164
2396569380
2408720684
2429945412
2442537241
2379783732
2428865830
2419977093
2423590697
2428471577
2427164979
2443028046
2360964992
2427475097
2443024950
2427467748
2408969296
2440495547
2428873368
2421518634
2403703651
2427482388
2427434339
2403704164
2396569380
2408720684
2419977093
2429945412
2432724430
2442537241
2379783732
2428865830
2423590697
2428471577
2386954624
2427164979
2402721591
2381795713
2427467748
2389797258
2384580138
2427482388
2408969296
2428873368
2379783732
2443024950
2429945412
2396313877
2421518634
2427475097
2403704164
2427434339
2408720684
2396569380
2403703651
2423590697
2428471577
2428865830
2396549170
2386954624
2427164979
2402721591
2381795713
2427467748
2389797258
2384580138
2427482388
2408969296
2428873368
2379783732
2429945412
2396313877
2421518634
2427475097
2403704164
2427434339
2408720684
2396569380
2403703651
2423590697
2428471577
2428865830
2384580138
2421578192
2427164979
2429945335
2360964992
2427475097
2427467748
2408969296
2440495547
2428873368
2421518634
2403703651
2427482388
2427434339
2403704164
2396569380
2408720684
2429945412
2442537241
2379783732
2428865830
2419977093
2423590697
2428471577
2384580138
2421578192
2427164979
2360964992
2427475097
2427467748
2408969296
2440495547
2428873368
2421518634
2403703651
2427482388
2427434339
2403704164
2396569380
2408720684
2419977093
2429945412
2432724430
2442537241
2379783732
2428865830
2423590697
2428471577
2427164979
2443028046
2360964992
2427475097
2443024950
2427467748
2408969296
2440495547
2428873368
2421518634
2403703651
2427482388
2427434339
2403704164
2396569380
2408720684
2419977093
2429945412
2432724430
2442537241
2379783732
2428865830
2423590697
2428471577
2396549170
2386954624
2427164979
2402721591
2381795713
2427467748
2389797258
2384580138
2427482388
2408969296
2428873368
2379783732
2429945412
2396313877
2421518634
2427475097
2403704164
2427434339
2408720684
2396569380
2403703651
2423590697
2428471577
2428865830
2384580138
2421578192
2427164979
2360964992
2427475097
2427467748
2408969296
2440495547
2428873368
2421518634
2403703651
2427482388
2427434339
2403704164
2396569380
2408720684
2419977093
2429945412
2432724430
2442537241
2379783732
2428865830
2423590697
2428471577
2386954624
2427164979
2402721591
2381795713
2427467748
2389797258
2384580138
2427482388
2428873368
2408969296
2379783732
2443024950
2429945412
2396313877
2421518634
2403704164
2427475097
2427434339
2408720684
2396569380
2403703651
2423590697
2428471577
2428865830
2384580138
2421578192
2427164979
2443028046
2428265867
2360964992
2428463581
2443024950
2427467748
2408969296
2440495547
2428873368
2421518634
2403703651
2427434339
2403704164
2396569380
2408720684
2419977093
2432724430
2442537241
2379783732
2428865830
2423590697
2405823395
2428273574
2428902791
2413459289
2394883349
2422928043
2428334768
2417064871
2430465834
2430849365
2429949086
2396549170
2440391461
2429364753
2403721982
2381795713
2420087586
2383140949
2428293823
2415163488
2440389663
2438337946
2396549170
2386954624
2427164979
2402721591
2381795713
2427467748
2389797258
2384580138
2427482388
2428873368
2408969296
2379783732
2429945412
2396313877
2421518634
2403704164
2427475097
2427434339
2408720684
2396569380
2403703651
2423590697
2428471577
2428865830
2384580138
2421578192
2427164979
2429945335
2360964992
2427475097
2427467748
2408969296
2440495547
2428873368
2421518634
2403703651
2427482388
2427434339
2403704164
2396569380
2408720684
2429945412
2442537241
2379783732
2428865830
2419977093
2423590697
2428471577
2386954624
2427164979
2402721591
2381795713
2427467748
2389797258
2384580138
2427482388
2408969296
2428873368
2379783732
2443024950
2429945412
2396313877
2421518634
2427475097
2403704164
2427434339
2408720684
2396569380
2403703651
2423590697
2428471577
2428865830
2429945335
2443028046
2360964992
2427475097
2443024950
2424330409
2427467748
2408969296
2440495547
2428873368
2421518634
2403703651
2427482388
2427434339
2403704164
2396569380
2408720684
2429945412
2442537241
2379783732
2428865830
2419977093
2423590697
2428471577
2384580138
2421578192
2427164979
2429945335
2360964992
2427475097
2427467748
2408969296
2440495547
2428873368
2421518634
2403703651
2427482388
2427434339
2403704164
2396569380
2408720684
2429945412
2442537241
2379783732
2428865830
2419977093
2423590697
2428471577
2386954624
2427164979
2402721591
2381795713
2427467748
2389797258
2384580138
2427482388
2428873368
2408969296
2379783732
2443024950
2429945412
2396313877
2421518634
2403704164
2427475097
2427434339
2408720684
2396569380
2403703651
2423590697
2428471577
2428865830
2386954624
2427164979
2402721591
2381795713
2427467748
2389797258
2384580138
2427482388
2408969296
2428873368
2379783732
2443024950
2429945412
2396313877
2421518634
2427475097
2403704164
2427434339
2408720684
2396569380
2403703651
2423590697
2428471577
2428865830
2396549170
2386954624
2427164979
2402721591
2381795713
2427467748
2389797258
2384580138
2427482388
2408969296
2428873368
2379783732
2429945412
2396313877
2421518634
2427475097
2403704164
2427434339
2408720684
2396569380
2403703651
2423590697
2428471577
2428865830
2386954624
2427164979
2402721591
2381795713
2427467748
2389797258
2384580138
2427482388
2408969296
2428873368
2379783732
2443024950
2429945412
2396313877
2421518634
2427475097
2403704164
2427434339
2408720684
2396569380
2403703651
2423590697
2428471577
2428865830
2384580138
2421578192
2427164979
2360964992
2427475097
2427467748
2408969296
2440495547
2428873368
2421518634
2403703651
2427482388
2427434339
2403704164
2396569380
2408720684
2419977093
2429945412
2432724430
2442537241
2379783732
2428865830
2423590697
2428471577
2396549170
2386954624
2427164979
2402721591
2381795713
2427467748
2389797258
2384580138
2427482388
2408969296
2428873368
2379783732
2429945412
2396313877
2421518634
2427475097
2403704164
2427434339
2408720684
2396569380
2403703651
2423590697
2428471577
2428865830
2386954624
2427164979
2402721591
2381795713
2427467748
2389797258
2384580138
2427482388
2428873368
2408969296
2379783732
2443024950
2429945412
2396313877
2421518634
2403704164
2427475097
2427434339
2408720684
2396569380
2403703651
2423590697
2428471577
2428865830
2396549170
2386954624
2427164979
2402721591
2381795713
2427467748
2389797258
2384580138
2427482388
2408969296
2428873368
2379783732
2429945412
2396313877
2421518634
2427475097
2403704164
2427434339
2408720684
2396569380
2403703651
2423590697
2428471577
2428865830
2396549170
2386954624
2427164979
2402721591
2381795713
2427467748
2389797258
2384580138
2427482388
2428873368
2408969296
2379783732
2429945412
2396313877
2421518634
2403704164
2427475097
2427434339
2408720684
2396569380
2403703651
2423590697
2428471577
2428865830
2386954624
2427164979
2402721591
2381795713
2427467748
2389797258
2384580138
2427482388
2408969296
2428873368
2379783732
2443024950
2429945412
2396313877
2421518634
2427475097
2403704164
2427434339
2408720684
2396569380
2403703651
2423590697
2428471577
2428865830
2429945335
2443028046
2360964992
2427475097
2443024950
2424330409
2427467748
2408969296
2440495547
2428873368
2421518634
2403703651
2427482388
2427434339
2403704164
2396569380
2408720684
2429945412
2442537241
2379783732
2428865830
2419977093
2423590697
2428471577
2381623412
2408969296
2428147616
2378009450
2440929144
2430878965
2405233003
2440495094
2440850086
2440463862
2302899297
2302895906
2379783732
2302899299
2437430880
2437453896
2440420533
2402721591
2441110882
2441954639
2367561800
2440496043
2415158976
2403727225
2302900296
2396549170
2386954624
2427164979
2402721591
2381795713
2427467748
2389797258
2384580138
2427482388
2408969296
2428873368
2379783732
2429945412
2396313877
2421518634
2427475097
2403704164
2427434339
2408720684
2396569380
2403703651
2423590697
2428471577
2428865830
2429945335
2443028046
2360964992
2427475097
2443024950
2424330409
2427467748
2408969296
2440495547
2428873368
2421518634
2403703651
2427482388
2427434339
2403704164
2396569380
2408720684
2429945412
2442537241
2379783732
2428865830
2419977093
2423590697
2428471577
2386954624
2427164979
2402721591
2381795713
2427467748
2389797258
2384580138
2427482388
2428873368
2408969296
2379783732
2443024950
2429945412
2396313877
2421518634
2403704164
2427475097
2427434339
2408720684
2396569380
2403703651
2423590697
2428471577
2428865830
2396549170
2386954624
2427164979
2402721591
2381795713
2427467748
2389797258
2384580138
2427482388
2408969296
2428873368
2379783732
2429945412
2396313877
2421518634
2427475097
2403704164
2427434339
2408720684
2396569380
2403703651
2423590697
2428471577
2428865830
2386954624
2427164979
2402721591
2381795713
2427467748
2389797258
2384580138
2427482388
2408969296
2428873368
2379783732
2443024950
2429945412
2396313877
2421518634
2427475097
2403704164
2427434339
2408720684
2396569380
2403703651
2423590697
2428471577
2428865830
2396549170
2386954624
2427164979
2402721591
2381795713
2427467748
2389797258
2384580138
2427482388
2408969296
2428873368
2379783732
2429945412
2396313877
2421518634
2427475097
2403704164
2427434339
2408720684
2396569380
2403703651
2423590697
2428471577
2428865830
2396549170
2386954624
2427164979
2402721591
2381795713
2427467748
2389797258
2384580138
2427482388
2408969296
2428873368
2379783732
2429945412
2396313877
2421518634
2427475097
2403704164
2427434339
2408720684
2396569380
2403703651
2423590697
2428471577
2428865830
2386954624
2427164979
2402721591
2381795713
2427467748
2389797258
2384580138
2427482388
2428873368
2408969296
2379783732
2443024950
2429945412
2396313877
2421518634
2403704164
2427475097
2427434339
2408720684
2396569380
2403703651
2423590697
2428471577
2428865830
2384580138
2421578192
2427164979
2360964992
2427475097
2427467748
2408969296
2440495547
2428873368
2421518634
2403703651
2427482388
2427434339
2403704164
2396569380
2408720684
2419977093
2429945412
2432724430
2442537241
2379783732
2428865830
2423590697
2428471577
2429945335
2443028046
2360964992
2427475097
2443024950
2424330409
2427467748
2408969296
2440495547
2428873368
2421518634
2403703651
2427482388
2427434339
2403704164
2396569380
2408720684
2429945412
2442537241
2379783732
2428865830
2419977093
2423590697
2428471577
2407182624
2395731964
2396549170
2386954624
2427164979
2402721591
2381795713
2427467748
2389797258
2384580138
2428873368
2408969296
2379783732
2443024950
2396313877
2428466870
2421518634
2403704164
2427434339
2408720684
2396569380
2403703651
2423590697
2428865830
2429945335
2443028046
2360964992
2427475097
2443024950
2424330409
2427467748
2408969296
2440495547
2428873368
2421518634
2403703651
2427482388
2427434339
2403704164
2396569380
2408720684
2429945412
2442537241
2379783732
2428865830
2419977093
2423590697
2428471577
2407182624
2395731964
2396549170
2386954624
2427164979
2402721591
2381795713
2389797258
2384580138
2427482388
2428873368
2408969296
2379783732
2443024950
2396313877
2428466870
2421518634
2403704164
2427434339
2408720684
2396569380
2403703651
2423590697
2428865830
2384580138
2421578192
2427164979
2429945335
2360964992
2427475097
2427467748
2408969296
2440495547
2428873368
2421518634
2403703651
2427482388
2427434339
2403704164
2396569380
2408720684
2429945412
2442537241
2379783732
2428865830
2419977093
2423590697
2428471577
2384580138
2421578192
2427164979
2429945335
2360964992
2427475097
2427467748
2408969296
2440495547
2428873368
2421518634
2403703651
2427482388
2427434339
2403704164
2396569380
2408720684
2429945412
2442537241
2379783732
2428865830
2419977093
2423590697
2428471577
2384580138
2421578192
2427164979
2429945335
2360964992
2427475097
2427467748
2408969296
2440495547
2428873368
2421518634
2403703651
2427482388
2427434339
2403704164
2396569380
2408720684
2429945412
2442537241
2379783732
2428865830
2419977093
2423590697
2428471577
2443028046
2360964992
2443196775
2427475097
2443024950
2424330409
2427467748
2408969296
2440495547
2428873368
2421518634
2403703651
2427482388
2427434339
2403704164
2396569380
2408720684
2429945412
2442537241
2379783732
2428865830
2419977093
2423590697
2428471577
2412396935
2376831773
2434336705
2428450255
2408079611
2386967248
2440357825
2440522936
2403706286
2421834174
2401610013
2387834566
2378259190
2428234488
2427476784
2428889455
2379786487
2427471423
2428421912
2442611827
2415691749
2421676752
2378259190
2435968685
2420100444
2422200130
2410405079
2429947209
2442632236
2427476784
2422869625
2379786487
2442611827
2439049223
2428450255
2428890615
2387834566
2428889455
2415691749
2428889104
2428421912
2412396935
2376831773
2434336705
2428450255
2408079611
2386967248
2440357825
2440522936
2403706286
2421834174
2401610013
2387834566
2378259190
2428234488
2427476784
2428889455
2379786487
2427471423
2428421912
2442611827
2415691749
2410405079
2412396935
2376831773
2434336705
2428450255
2408079611
2386967248
2440357825
2440522936
2403706286
2401610013
2387834566
2378259190
2428234488
2427476784
2428889455
2379786487
2427471423
2428421912
2442611827
2415691749
2421676752
2378259190
2435968685
2420100444
2422200130
2410405079
2429947209
2442632236
2427476784
2422869625
2379786487
2442611827
2439049223
2428450255
2428890615
2387834566
2428889455
2415691749
2428889104
2428421912
2421676752
2378259190
2435968685
2420100444
2422200130
2410405079
2429947209
2442632236
2427476784
2422869625
2379786487
2442611827
2439049223
2428450255
2428890615
2387834566
2428889455
2415691749
2428889104
2428421912
2412396935
2376831773
2434336705
2428450255
2408079611
2386967248
2440356824
2440522936
2403706286
2421834174
2401610013
2387834566
2378259190
2428234488
2427471423
2427476784
2428889455
2379786487
2428421912
2442611827
2415691749
2412396935
2376831773
2434336705
2428450255
2408079611
2386967248
2440357825
2440522936
2403706286
2421834174
2401610013
2387834566
2378259190
2428234488
2427476784
2428889455
2379786487
2427471423
2428421912
2442611827
2415691749
2419372222
2378259190
2421676752
2435968685
2420100444
2422200130
2429947209
2410405079
2442632236
2427476784
2422869625
2379786487
2442611827
2439049223
2428471036
2428890615
2387834566
2428889455
2415691749
2428421912
2410405079
2412396935
2376831773
2434336705
2428450255
2408079611
2386967248
2440357825
2440522936
2403706286
2401610013
2387834566
2378259190
2428234488
2427476784
2428889455
2379786487
2427471423
2428421912
2442611827
2415691749
2421676752
2378259190
2435968685
2420100444
2422200130
2410405079
2429947209
2442632236
2427476784
2422869625
2379786487
2442611827
2439049223
2428471036
2428890615
2387834566
2428889455
2415691749
2428889104
2428421912
2421676752
2378259190
2435968685
2420100444
2422200130
2410405079
2429947209
2442632236
2427476784
2422869625
2379786487
2442611827
2439049223
2428471036
2428890615
2387834566
2428889455
2415691749
2428889104
2428421912
2428820941
2440949871
2440361405
2428421912
2412168429
2416722096
2440357804
2440356801
2429303696
2324294828
2393731162
2369384847
2428842968
2422200130
2435565717
2395450141
2330467875
2429233376
2399477211
2386521221
2349019276
2428274636
2421676752
2378259190
2435968685
2420100444
2422200130
2410405079
2429947209
2442632236
2427476784
2422869625
2379786487
2442611827
2439049223
2428450255
2428890615
2387834566
2428889455
2415691749
2428889104
2428421912
2410405079
2412396935
2376831773
2434336705
2428450255
2408079611
2386967248
2440356824
2440522936
2403706286
2401610013
2387834566
2378259190
2428234488
2427471423
2427476784
2428889455
2379786487
2428421912
2442611827
2415691749
2421676752
2378259190
2435968685
2420100444
2422200130
2410405079
2429947209
2442632236
2427476784
2422869625
2379786487
2442611827
2439049223
2428471036
2428890615
2387834566
2428889455
2415691749
2428889104
2428421912
2419372222
2378259190
2421676752
2435968685
2420100444
2422200130
2429947209
2410405079
2442632236
2427476784
2422869625
2379786487
2442611827
2439049223
2428450255
2428890615
2387834566
2428889455
2415691749
2428421912
2412396935
2376831773
2434336705
2428450255
2408079611
2386967248
2440356824
2440522936
2403706286
2421834174
2401610013
2387834566
2378259190
2428234488
2427471423
2427476784
2428889455
2379786487
2428421912
2442611827
2415691749
2419372222
2378259190
2421676752
2435968685
2420100444
2422200130
2429947209
2410405079
2442632236
2427476784
2422869625
2379786487
2442611827
2439049223
2428450255
2428890615
2387834566
2428889455
2415691749
2428421912
2410405079
2412396935
2376831773
2434336705
2428450255
2408079611
2386967248
2440357825
2440522936
2403706286
2401610013
2387834566
2378259190
2428234488
2427476784
2428889455
2379786487
2427471423
2428421912
2442611827
2415691749
2412396935
2376831773
2434336705
2428450255
2408079611
2386967248
2440357825
2440522936
2403706286
2421834174
2401610013
2387834566
2378259190
2428234488
2427476784
2428889455
2379786487
2427471423
2428421912
2442611827
2415691749
2419372222
2378259190
2421676752
2435968685
2420100444
2422200130
2429947209
2410405079
2442632236
2427476784
2422869625
2379786487
2442611827
2439049223
2428450255
2428890615
2387834566
2428889455
2415691749
2428421912
2419372222
2378259190
2421676752
2435968685
2420100444
2422200130
2429947209
2410405079
2442632236
2427476784
2422869625
2379786487
2442611827
2439049223
2428471036
2428890615
2387834566
2428889455
2415691749
2428421912
2419372222
2378259190
2421676752
2435968685
2420100444
2422200130
2429947209
2410405079
2442632236
2427476784
2422869625
2379786487
2442611827
2439049223
2428450255
2428890615
2387834566
2428889455
2415691749
2428421912
2421676752
2378259190
2435968685
2420100444
2422200130
2410405079
2429947209
2442632236
2427476784
2422869625
2379786487
2442611827
2439049223
2428471036
2428890615
2387834566
2428889455
2415691749
2428889104
2428421912
2410405079
2412396935
2376831773
2434336705
2428450255
2408079611
2386967248
2440357825
2440522936
2403706286
2401610013
2387834566
2378259190
2428234488
2427476784
2428889455
2379786487
2427471423
2428421912
2442611827
2415691749
2419372222
2378259190
2421676752
2435968685
2420100444
2422200130
2429947209
2410405079
2442632236
2427476784
2422869625
2379786487
2442611827
2439049223
2428450255
2428890615
2387834566
2428889455
2415691749
2428421912
2421676752
2378259190
2435968685
2420100444
2422200130
2410405079
2429947209
2442632236
2427476784
2422869625
2379786487
2442611827
2439049223
2428450255
2428890615
2387834566
2428889455
2415691749
2428889104
2428421912
2419372222
2378259190
2421676752
2435968685
2420100444
2422200130
2429947209
2410405079
2442632236
2427476784
2422869625
2379786487
2442611827
2439049223
2428450255
2428890615
2387834566
2428889455
2415691749
2428421912
2412396935
2376831773
2434336705
2428450255
2408079611
2386967248
2440356824
2440522936
2403706286
2421834174
2401610013
2387834566
2378259190
2428234488
2427471423
2427476784
2428889455
2379786487
2428421912
2442611827
2415691749
2410405079
2412396935
2376831773
2434336705
2428450255
2408079611
2386967248
2440357825
2440522936
2403706286
2401610013
2387834566
2378259190
2428234488
2427476784
2428889455
2379786487
2427471423
2428421912
2442611827
2415691749
2410405079
2412396935
2376831773
2434336705
2428450255
2408079611
2386967248
2440356824
2440522936
2403706286
2401610013
2387834566
2378259190
2428234488
2427471423
2427476784
2428889455
2379786487
2428421912
2442611827
2415691749
2421676752
2378259190
2435968685
2420100444
2422200130
2410405079
2429947209
2442632236
2427476784
2422869625
2379786487
2442611827
2439049223
2428450255
2428890615
2387834566
2428889455
2415691749
2428889104
2428421912
2421676752
2378259190
2435968685
2420100444
2422200130
2410405079
2429947209
2442632236
2427476784
2422869625
2379786487
2442611827
2439049223
2428471036
2428890615
2387834566
2428889455
2415691749
2428889104
2428421912
2435484996
2440498095
2440420487
2388173260
2440345244
2387834566
2440340685
2440584306
2440512186
2428224261
2403370519
2403371486
2426650280
2427431742
2428234488
2440359536
2443193995
2285734358
2412396935
2376831773
2434336705
2428450255
2408079611
2386967248
2440356824
2440522936
2403706286
2421834174
2401610013
2387834566
2378259190
2428234488
2427471423
2427476784
2428889455
2379786487
2428421912
2442611827
2415691749
2421676752
2378259190
2435968685
2420100444
2422200130
2410405079
2429947209
2442632236
2427476784
2422869625
2379786487
2442611827
2439049223
2428450255
2428890615
2387834566
2428889455
2415691749
2428889104
2428421912
2421676752
2378259190
2435968685
2420100444
2422200130
2410405079
2429947209
2442632236
2427476784
2422869625
2379786487
2442611827
2439049223
2428471036
2428890615
2387834566
2428889455
2415691749
2428889104
2428421912
2410405079
2412396935
2376831773
2434336705
2428450255
2408079611
2386967248
2440357825
2440522936
2403706286
2401610013
2387834566
2378259190
2428234488
2427476784
2428889455
2379786487
2427471423
2428421912
2442611827
2415691749
2440513045
2426454540
2440356809
2404145179
2426650277
2438341253
2431859082
2376831773
2440341658
2441220282
2429947209
2367240107
2409830412
2440498095
2427482092
2285734358
2430974889
2430617612
2429941919
2436959098
2426775134
2410405079
2412396935
2376831773
2434336705
2428450255
2408079611
2386967248
2440357825
2440522936
2403706286
2401610013
2387834566
2378259190
2428234488
2427476784
2428889455
2379786487
2427471423
2428421912
2442611827
2415691749
2412396935
2376831773
2434336705
2428450255
2408079611
2386967248
2440356824
2440522936
2403706286
2421834174
2401610013
2387834566
2378259190
2428234488
2427471423
2427476784
2428889455
2379786487
2428421912
2442611827
2415691749
2421676752
2378259190
2435968685
2420100444
2422200130
2410405079
2429947209
2442632236
2427476784
2422869625
2379786487
2442611827
2439049223
2428450255
2428890615
2387834566
2428889455
2415691749
2428889104
2428421912
2412396935
2376831773
2434336705
2428450255
2408079611
2386967248
2440356824
2440522936
2403706286
2421834174
2401610013
2387834566
2378259190
2428234488
2427471423
2427476784
2428889455
2379786487
2428421912
2442611827
2415691749
2421676752
2378259190
2435968685
2420100444
2422200130
2410405079
2429947209
2442632236
2427476784
2422869625
2379786487
2442611827
2439049223
2428450255
2428890615
2387834566
2428889455
2415691749
2428889104
2428421912
2412396935
2376831773
2434336705
2428450255
2408079611
2386967248
2440357825
2440522936
2403706286
2421834174
2401610013
2387834566
2378259190
2428234488
2427476784
2428889455
2379786487
2427471423
2428421912
2442611827
2415691749
2410405079
2412396935
2376831773
2434336705
2428450255
2408079611
2386967248
2440357825
2440522936
2403706286
2401610013
2387834566
2378259190
2428234488
2427476784
2428889455
2379786487
2427471423
2428421912
2442611827
2415691749
2421676752
2378259190
2435968685
2420100444
2422200130
2410405079
2429947209
2442632236
2427476784
2422869625
2379786487
2442611827
2439049223
2428450255
2428890615
2387834566
2428889455
2415691749
2428889104
2428421912
2421676752
2378259190
2435968685
2420100444
2422200130
2410405079
2429947209
2442632236
2427476784
2422869625
2379786487
2442611827
2439049223
2428471036
2428890615
2387834566
2428889455
2415691749
2428889104
2428421912
2421676752
2378259190
2435968685
2420100444
2422200130
2410405079
2429947209
2442632236
2427476784
2422869625
2379786487
2442611827
2439049223
2428450255
2428890615
2387834566
2428889455
2415691749
2428889104
2428421912
2424629669
2417262273
2376135048
2431012527
2439505132
2416260285
2422801465
2416704797
2194341848
2410452080
2442634743
2426778477
2428862773
2405657477
2428777393
2383192561
2427037508
2423117449
2389759329
2435541084
2379783733
2428871266
