2428456471
2427480242
2428824422
2428477458
2378289720
2428825189
2431916785
2403750482
2438551369
2440481213
2427864474
2368998476
2439045906
2425924785
2420015184
1995699454
2425940390
2264228139
2439697423
2428765176
2420538485
2400076752
2439423103
2411148403
2428809434
2428456471
2427480242
2428824422
2428477458
2378289720
2428825189
2431916785
2403750482
2438551369
2427864474
2440481213
2368998476
2439045906
2425924785
2420015184
1995699454
2425940390
2264228139
2439697423
2428765176
2420538485
2400076752
2439423103
2411148403
2428809434
2428456471
2427480242
2428824422
2378289720
2428825189
2428469574
2431916785
2403750482
2438551369
2427864474
2368998476
2440481213
2439045906
2425924785
2420015184
1995699454
2425940390
2264228139
2439697423
2428765176
2420538485
2400076752
2411148403
2428809434
2401627400
2428456471
2427480242
2428824422
2378289720
2428825189
2428469574
2431916785
2403750482
2438551369
2427864474
2368998476
2440481213
2439045906
2425924785
2420015184
1995699454
2425940390
2264228139
2439697423
2428765176
2420538485
2400076752
2411148403
2428809434
2401627400
2428456471
2427480242
2428824422
2378289720
2428825189
2428469574
2431916785
2403750482
2438551369
2427864474
2368998476
2440481213
2439045906
2425924785
2420015184
1995699454
2425940390
2264228139
2439697423
2428765176
2420538485
2400076752
2411148403
2428809434
2401627400
2428456471
2427480242
2428824422
2428477458
2378289720
2428825189
2431916785
2403750482
2438551369
2440481213
2427864474
2368998476
2439045906
2425924785
2420015184
1995699454
2425940390
2264228139
2439697423
2428765176
2420538485
2400076752
2439423103
2411148403
2428809434
2428456471
2427480242
2428477458
2378289720
2428825189
2431916785
2403750482
2438551369
2440481213
2427864474
2368998476
2425924785
2425940390
2264228139
2439697423
2428765176
2420538485
2400076752
2439423103
2411148403
2428809434
2439109653
2401627400
2425967715
2428270995
2428456471
2427480242
2428824422
2428477458
2378289720
2428825189
2431916785
2403750482
2438551369
2440481213
2427864474
2368998476
2439045906
2425924785
2420015184
1995699454
2425940390
2264228139
2439697423
2428765176
2420538485
2400076752
2439423103
2411148403
2428809434
2428456471
2427480242
2428824422
2428477458
2378289720
2428825189
2431916785
2403750482
2438551369
2440481213
2427864474
2368998476
2439045906
2425924785
2420015184
1995699454
2425940390
2264228139
2439697423
2428765176
2420538485
2400076752
2439423103
2411148403
2428809434
2428456471
2427480242
2428824422
2428477458
2378289720
2428825189
2431916785
2403750482
2438551369
2440481213
2427864474
2368998476
2439045906
2425924785
2420015184
1995699454
2425940390
2264228139
2439697423
2428765176
2420538485
2400076752
2439423103
2411148403
2428809434
2428456471
2427480242
2428824422
2428477458
2378289720
2428825189
2431916785
2403750482
2438551369
2440481213
2427864474
2368998476
2439045906
2425924785
2420015184
1995699454
2425940390
2264228139
2439697423
2428765176
2420538485
2400076752
2439423103
2411148403
2428809434
2428456471
2427480242
2428824422
2378289720
2428825189
2428469574
2431916785
2403750482
2438551369
2427864474
2368998476
2440481213
2439045906
2425924785
2420015184
1995699454
2425940390
2264228139
2439697423
2428765176
2420538485
2400076752
2411148403
2428809434
2401627400
2427480242
2428456471
2378289720
2428469574
2427864474
2428825189
2439697423
2428809434
2420015184
2431916785
2317581478
2400078628
2438551369
2338380492
2428822587
2386930715
2442189906
2416899203
2425924785
2420538485
1995699454
2264228139
2434953872
2403750482
2428456471
2427480242
2428824422
2428477458
2378289720
2428825189
2431916785
2403750482
2438551369
2427864474
2440481213
2368998476
2439045906
2425924785
2420015184
1995699454
2425940390
2264228139
2439697423
2428765176
2420538485
2400076752
2439423103
2411148403
2428809434
2428456471
2427480242
2428824422
2428477458
2378289720
2428825189
2431916785
2403750482
2438551369
2440481213
2427864474
2368998476
2439045906
2425924785
2420015184
1995699454
2425940390
2264228139
2439697423
2428765176
2420538485
2400076752
2439423103
2411148403
2428809434
2428456471
2427480242
2428824422
2378289720
2428825189
2428469574
2431916785
2403750482
2438551369
2427864474
2368998476
2440481213
2439045906
2425924785
2420015184
1995699454
2425940390
2264228139
2439697423
2428765176
2420538485
2400076752
2411148403
2428809434
2401627400
2428456471
2427480242
2428824422
2378289720
2428825189
2428469574
2431916785
2403750482
2438551369
2427864474
2368998476
2440481213
2439045906
2425924785
2420015184
1995699454
2425940390
2264228139
2439697423
2428765176
2420538485
2400076752
2411148403
2428809434
2401627400
2428456471
2427480242
2428824422
2378289720
2428825189
2428469574
2431916785
2403750482
2438551369
2427864474
2368998476
2439045906
2440481213
2425924785
2420015184
1995699454
2425940390
2264228139
2439697423
2428765176
2420538485
2400076752
2411148403
2428809434
2401627400
2428456471
2427480242
2428824422
2378289720
2428825189
2428469574
2431916785
2403750482
2438551369
2427864474
2368998476
2440481213
2439045906
2425924785
2420015184
1995699454
2425940390
2264228139
2439697423
2428765176
2420538485
2400076752
2411148403
2428809434
2401627400
2428456471
2427480242
2428477458
2378289720
2428825189
2431916785
2403750482
2438551369
2440481213
2427864474
2368998476
2425924785
2425940390
2264228139
2439697423
2428765176
2420538485
2400076752
2439423103
2411148403
2428809434
2439109653
2401627400
2425967715
2428270995
2428456471
2427480242
2428824422
2378289720
2428825189
2428469574
2431916785
2403750482
2438551369
2427864474
2368998476
2440481213
2439045906
2425924785
2420015184
1995699454
2425940390
2264228139
2439697423
2428765176
2420538485
2400076752
2411148403
2428809434
2401627400
2428456471
2427480242
2428824422
2378289720
2428825189
2428469574
2431916785
2403750482
2438551369
2427864474
2368998476
2439045906
2440481213
2425924785
2420015184
1995699454
2425940390
2264228139
2439697423
2428765176
2420538485
2400076752
2411148403
2428809434
2401627400
2428456471
2427480242
2428824422
2378289720
2428825189
2428469574
2431916785
2403750482
2438551369
2427864474
2368998476
2439045906
2440481213
2425924785
2420015184
1995699454
2425940390
2264228139
2439697423
2428765176
2420538485
2400076752
2411148403
2428809434
2401627400
2428456471
2427480242
2428824422
2428477458
2378289720
2428825189
2431916785
2403750482
2438551369
2427864474
2440481213
2368998476
2439045906
2425924785
2420015184
1995699454
2425940390
2264228139
2439697423
2428765176
2420538485
2400076752
2439423103
2411148403
2428809434
2428456471
2427480242
2428477458
2378289720
2428825189
2431916785
2403750482
2438551369
2440481213
2427864474
2368998476
2425924785
2425940390
2264228139
2439697423
2428765176
2420538485
2400076752
2439423103
2411148403
2428809434
2439109653
2401627400
2425967715
2428270995
2428456471
2427480242
2428824422
2378289720
2428825189
2428469574
2431916785
2403750482
2438551369
2427864474
2368998476
2440481213
2439045906
2425924785
2420015184
1995699454
2425940390
2264228139
2439697423
2428765176
2420538485
2400076752
2411148403
2428809434
2401627400
2428456471
2427480242
2378289720
2428469574
2427864474
2439697423
2428809434
2420015184
2428825189
2431916785
2317581478
2400078628
2438551369
2338380492
2428822587
2386930715
2442189906
2416899203
2425924785
2420538485
1995699454
2264228139
2434953872
2401627400
2428456471
2427480242
2428824422
2428477458
2378289720
2428825189
2431916785
2403750482
2438551369
2427864474
2440481213
2368998476
2439045906
2425924785
2420015184
1995699454
2425940390
2264228139
2439697423
2428765176
2420538485
2400076752
2439423103
2411148403
2428809434
2428456471
2427480242
2428824422
2378289720
2428825189
2428469574
2431916785
2403750482
2438551369
2427864474
2368998476
2440481213
2439045906
2425924785
2420015184
1995699454
2425940390
2264228139
2439697423
2428765176
2420538485
2400076752
2411148403
2428809434
2401627400
2428456471
2427480242
2428824422
2428477458
2378289720
2428825189
2431916785
2403750482
2438551369
2440481213
2427864474
2368998476
2439045906
2425924785
2420015184
1995699454
2425940390
2264228139
2439697423
2428765176
2420538485
2400076752
2439423103
2411148403
2428809434
2428456471
2427480242
2428824422
2378289720
2428825189
2428469574
2431916785
2403750482
2438551369
2427864474
2368998476
2440481213
2425924785
2425940390
2264228139
2439697423
2428765176
2420538485
2400076752
2411148403
2428809434
2401627400
2439109653
2425967715
2428270995
2428456471
2427480242
2428824422
2378289720
2428825189
2428469574
2431916785
2403750482
2438551369
2427864474
2368998476
2440481213
2439045906
2425924785
2420015184
1995699454
2425940390
2264228139
2439697423
2428765176
2420538485
2400076752
2411148403
2428809434
2401627400
2428456471
2427480242
2428824422
2428477458
2378289720
2428825189
2431916785
2403750482
2438551369
2440481213
2427864474
2368998476
2439045906
2425924785
2420015184
1995699454
2425940390
2264228139
2439697423
2428765176
2420538485
2400076752
2439423103
2411148403
2428809434
2428456471
2427480242
2428824422
2378289720
2428825189
2428469574
2431916785
2403750482
2438551369
2427864474
2368998476
2440481213
2439045906
2425924785
2420015184
1995699454
2425940390
2264228139
2439697423
2428765176
2420538485
2400076752
2411148403
2428809434
2401627400
2428456471
2427480242
2378289720
2428825189
2428469574
2431916785
2403750482
2438551369
2427864474
2368998476
2440481213
2425924785
2425940390
2264228139
2439697423
2428765176
2420538485
2400076752
2411148403
2428809434
2401627400
2439109653
2425967715
2428270995
2428456471
2427480242
2428824422
2378289720
2428825189
2428469574
2431916785
2403750482
2438551369
2427864474
2368998476
2439045906
2440481213
2425924785
2420015184
1995699454
2425940390
2264228139
2439697423
2428765176
2420538485
2400076752
2411148403
2428809434
2401627400
2428456471
2427480242
2378289720
2428469574
2427864474
2439697423
2428809434
2420015184
2428825189
2431916785
2317581478
2400078628
2438551369
2338380492
2428822587
2386930715
2442189906
2428273613
2416899203
2425924785
2420538485
1995699454
2264228139
2434953872
2428456471
2427480242
2428824422
2378289720
2428825189
2428469574
2431916785
2403750482
2438551369
2427864474
2368998476
2440481213
2439045906
2425924785
2420015184
1995699454
2425940390
2264228139
2439697423
2428765176
2420538485
2400076752
2411148403
2428809434
2401627400
2428456471
2427480242
2428824422
2428477458
2378289720
2428825189
2431916785
2403750482
2438551369
2427864474
2440481213
2368998476
2439045906
2425924785
2420015184
1995699454
2425940390
2264228139
2439697423
2428765176
2420538485
2400076752
2439423103
2411148403
2428809434
2428456471
2427480242
2428824422
2378289720
2428825189
2428469574
2431916785
2403750482
2438551369
2427864474
2368998476
2440481213
2439045906
2425924785
2420015184
1995699454
2425940390
2264228139
2439697423
2428765176
2420538485
2400076752
2411148403
2428809434
2401627400
2428456471
2427480242
2428824422
2378289720
2428825189
2428469574
2431916785
2403750482
2438551369
2427864474
2368998476
2440481213
2439045906
2425924785
2420015184
1995699454
2425940390
2264228139
2439697423
2428765176
2420538485
2400076752
2411148403
2428809434
2401627400
2428456471
2427480242
2428824422
2428477458
2378289720
2428825189
2431916785
2403750482
2438551369
2440481213
2427864474
2368998476
2439045906
2425924785
2420015184
1995699454
2425940390
2264228139
2439697423
2428765176
2420538485
2400076752
2439423103
2411148403
2428809434
2427480242
2428456471
2378289720
2428469574
2427864474
2428825189
2439697423
2428809434
2420015184
2431916785
2317581478
2400078628
2438551369
2338380492
2428822587
2386930715
2442189906
2416899203
2425924785
2420538485
1995699454
2264228139
2434953872
2403750482
2428456471
2427480242
2428824422
2428477458
2378289720
2428825189
2431916785
2403750482
2438551369
2440481213
2427864474
2368998476
2439045906
2425924785
2420015184
1995699454
2425940390
2264228139
2439697423
2428765176
2420538485
2400076752
2439423103
2411148403
2428809434
2428456471
2427480242
2428824422
2378289720
2428825189
2428469574
2431916785
2403750482
2438551369
2427864474
2368998476
2440481213
2439045906
2425924785
2420015184
1995699454
2425940390
2264228139
2439697423
2428765176
2420538485
2400076752
2411148403
2428809434
2401627400
2428456471
2427480242
2428824422
2378289720
2428825189
2428469574
2431916785
2403750482
2438551369
2427864474
2368998476
2440481213
2439045906
2425924785
2420015184
1995699454
2425940390
2264228139
2439697423
2428765176
2420538485
2400076752
2411148403
2428809434
2401627400
2426455383
2428472641
2437273361
2403715719
2418609502
2428469574
2436269343
2400684959
2428454309
2428571280
2441862445
2434963265
2396550422
2428571279
2426729715
2400685913
2437703426
2376947642
2271150792
2440386584
2419480056
2433125415
2439123409
2378287749
2428456471
2427480242
2428824422
2378289720
2428825189
2428469574
2431916785
2403750482
2438551369
2427864474
2368998476
2440481213
2439045906
2425924785
2420015184
1995699454
2425940390
2264228139
2439697423
2428765176
2420538485
2400076752
2411148403
2428809434
2401627400
2428456471
2427480242
2428824422
2428477458
2378289720
2428825189
2431916785
2403750482
2438551369
2427864474
2440481213
2368998476
2439045906
2425924785
2420015184
1995699454
2425940390
2264228139
2439697423
2428765176
2420538485
2400076752
2439423103
2411148403
2428809434
2428456471
2427480242
2428824422
2378289720
2428825189
2428469574
2431916785
2403750482
2438551369
2427864474
2368998476
2440481213
2425924785
2425940390
2264228139
2439697423
2428765176
2420538485
2400076752
2411148403
2428809434
2401627400
2439109653
2425967715
2428270995
2428456471
2427480242
2428824422
2378289720
2428825189
2428469574
2431916785
2403750482
2438551369
2427864474
2368998476
2440481213
2439045906
2425924785
2420015184
1995699454
2425940390
2264228139
2439697423
2428765176
2420538485
2400076752
2411148403
2428809434
2401627400
2428456471
2427480242
2428824422
2428477458
2378289720
2428825189
2431916785
2403750482
2438551369
2440481213
2427864474
2368998476
2439045906
2425924785
2420015184
1995699454
2425940390
2264228139
2439697423
2428765176
2420538485
2400076752
2439423103
2411148403
2428809434
2439123409
2441874465
2276619402
2338380492
2342683410
2315373652
2427480242
2428460931
2399321389
2280827366
2403715719
2299631604
2399080477
2398508509
2436862494
2429216321
2428919720
2441875601
2428455721
2396547763
2425966778
2416899203
2417410588
2360944608
2437273361
2428929754
2398556436
2431916785
2436269343
2441862445
2291650025
2428460931
2434859062
2427065727
2427475229
2400685913
2428459053
2376193036
2423315708
2425694972
2398505331
2400684959
2428422264
2419480056
2431263304
2439123409
2321950464
2428456471
2427480242
2428824422
2428477458
2378289720
2428825189
2431916785
2403750482
2438551369
2440481213
2427864474
2368998476
2439045906
2425924785
2420015184
1995699454
2425940390
2264228139
2439697423
2428765176
2420538485
2400076752
2439423103
2411148403
2428809434
2428456471
2427480242
2428824422
2378289720
2428825189
2428469574
2431916785
2403750482
2438551369
2427864474
2368998476
2439045906
2440481213
2425924785
2420015184
1995699454
2425940390
2264228139
2439697423
2428765176
2420538485
2400076752
2411148403
2428809434
2401627400
2428456471
2427480242
2428824422
2378289720
2428825189
2428469574
2431916785
2403750482
2438551369
2427864474
2368998476
2440481213
2439045906
2425924785
2420015184
1995699454
2425940390
2264228139
2439697423
2428765176
2420538485
2400076752
2411148403
2428809434
2401627400
2428456471
2427480242
2428824422
2378289720
2428825189
2428469574
2431916785
2403750482
2438551369
2427864474
2368998476
2440481213
2439045906
2425924785
2420015184
1995699454
2425940390
2264228139
2439697423
2428765176
2420538485
2400076752
2411148403
2428809434
2401627400
2428456471
2427480242
2428824422
2428477458
2378289720
2428825189
2431916785
2403750482
2438551369
2440481213
2427864474
2368998476
2439045906
2425924785
2420015184
1995699454
2425940390
2264228139
2439697423
2428765176
2420538485
2400076752
2439423103
2411148403
2428809434
2428456471
2427480242
2428477458
2378289720
2428825189
2431916785
2403750482
2438551369
2440481213
2427864474
2368998476
2425924785
2425940390
2264228139
2439697423
2428765176
2420538485
2400076752
2439423103
2411148403
2428809434
2439109653
2401627400
2425967715
2428270995
2428456471
2427480242
2428824422
2378289720
2428825189
2428469574
2431916785
2403750482
2438551369
2427864474
2368998476
2440481213
2439045906
2425924785
2420015184
1995699454
2425940390
2264228139
2439697423
2428765176
2420538485
2400076752
2411148403
2428809434
2401627400
2428456471
2427480242
2428824422
2378289720
2428825189
2428469574
2431916785
2403750482
2438551369
2427864474
2368998476
2440481213
2439045906
2425924785
2420015184
1995699454
2425940390
2264228139
2439697423
2428765176
2420538485
2400076752
2411148403
2428809434
2401627400
2428456471
2427480242
2428824422
2428477458
2378289720
2428825189
2431916785
2403750482
2438551369
2440481213
2427864474
2368998476
2439045906
2425924785
2420015184
1995699454
2425940390
2264228139
2439697423
2428765176
2420538485
2400076752
2439423103
2411148403
2428809434
2428456471
2427480242
2428824422
2428477458
2378289720
2428825189
2431916785
2403750482
2438551369
2440481213
2427864474
2368998476
2439045906
2425924785
2420015184
1995699454
2425940390
2264228139
2439697423
2428765176
2420538485
2400076752
2439423103
2411148403
2428809434
2428456471
2427480242
2428824422
2428477458
2378289720
2428825189
2431916785
2403750482
2438551369
2440481213
2427864474
2368998476
2439045906
2425924785
2420015184
1995699454
2425940390
2264228139
2439697423
2428765176
2420538485
2400076752
2439423103
2411148403
2428809434
2403753151
2360944608
2437273361
2436269343
2401459390
2305866352
2400060682
2151160036
2291650025
2428469506
2416744318
2427065727
2434963265
2349770874
2428459053
2423315708
2400685913
2420538485
2399080477
2428422264
2419480056
2425694972
2434859062
2428456471
2427480242
2428824422
2428477458
2378289720
2428825189
2431916785
2403750482
2438551369
2440481213
2427864474
2368998476
2439045906
2425924785
2420015184
1995699454
2425940390
2264228139
2439697423
2428765176
2420538485
2400076752
2439423103
2411148403
2428809434
2428456471
2427480242
2378289720
2428825189
2428469574
2431916785
2403750482
2438551369
2427864474
2368998476
2440481213
2425924785
2425940390
2264228139
2439697423
2428765176
2420538485
2400076752
2411148403
2428809434
2401627400
2439109653
2425967715
2428270995
2428456471
2427480242
2428824422
2428477458
2378289720
2428825189
2431916785
2403750482
2438551369
2427864474
2440481213
2368998476
2439045906
2425924785
2420015184
1995699454
2425940390
2264228139
2439697423
2428765176
2420538485
2400076752
2439423103
2411148403
2428809434
2428456471
2427480242
2428824422
2428477458
2378289720
2428825189
2431916785
2403750482
2438551369
2440481213
2427864474
2368998476
2439045906
2425924785
2420015184
1995699454
2425940390
2264228139
2439697423
2428765176
2420538485
2400076752
2439423103
2411148403
2428809434
2428565704
2436979225
2437273361
2302259579
2427787488
2428453085
2403705714
2427480242
2371522743
2440351651
2427475229
2424529813
2440358058
2441439947
2428477458
2414824260
2441441721
2413475195
2388104261
2400060682
2428482776
2440387577
2417267175
2436862494
2426729715
2428456471
2427480242
2428824422
2378289720
2428825189
2428469574
2431916785
2403750482
2438551369
2427864474
2368998476
2440481213
2439045906
2425924785
2420015184
1995699454
2425940390
2264228139
2439697423
2428765176
2420538485
2400076752
2411148403
2428809434
2401627400
2428456471
2427480242
2428824422
2378289720
2428825189
2428469574
2431916785
2403750482
2438551369
2427864474
2368998476
2440481213
2439045906
2425924785
2420015184
1995699454
2425940390
2264228139
2439697423
2428765176
2420538485
2400076752
2411148403
2428809434
2401627400
2428456471
2427480242
2428824422
2378289720
2428825189
2428469574
2431916785
2403750482
2438551369
2427864474
2368998476
2439045906
2440481213
2425924785
2420015184
1995699454
2425940390
2264228139
2439697423
2428765176
2420538485
2400076752
2411148403
2428809434
2401627400
2428435952
2427480242
2428477458
2378289720
2428825189
2431916785
2403750482
2438551369
2427864474
2440481213
2368998476
2425924785
2425940390
2264228139
2439697423
2428765176
2420538485
2400076752
2439423103
2411148403
2428809434
2439109653
2401627400
2425967715
2428270995
2428456471
2427480242
2428824422
2378289720
2428825189
2428469574
2431916785
2403750482
2438551369
2427864474
2368998476
2440481213
2425924785
2425940390
2264228139
2439697423
2428765176
2420538485
2400076752
2411148403
2428809434
2401627400
2439109653
2425967715
2428270995
2428456471
2427480242
2428824422
2428477458
2378289720
2428825189
2431916785
2403750482
2438551369
2440481213
2427864474
2368998476
2439045906
2425924785
2420015184
1995699454
2425940390
2264228139
2439697423
2428765176
2420538485
2400076752
2439423103
2411148403
2428809434
2428456471
2427480242
2378289720
2428469574
2427864474
2439697423
2428809434
2420015184
2428825189
2431916785
2317581478
2400078628
2438551369
2338380492
2428822587
2386930715
2442189906
2416899203
2425924785
2420538485
1995699454
2264228139
2434953872
2401627400
2428456471
2427480242
2428824422
2428477458
2378289720
2428825189
2431916785
2403750482
2438551369
2427864474
2440481213
2368998476
2439045906
2425924785
2420015184
1995699454
2425940390
2264228139
2439697423
2428765176
2420538485
2400076752
2439423103
2411148403
2428809434
2428456471
2427480242
2428824422
2378289720
2428825189
2428469574
2431916785
2403750482
2438551369
2427864474
2368998476
2440481213
2439045906
2425924785
2420015184
1995699454
2425940390
2264228139
2439697423
2428765176
2420538485
2400076752
2411148403
2428809434
2401627400
2428456471
2427480242
2428824422
2378289720
2428825189
2428469574
2431916785
2403750482
2438551369
2427864474
2368998476
2439045906
2440481213
2425924785
2420015184
1995699454
2425940390
2264228139
2439697423
2428765176
2420538485
2400076752
2411148403
2428809434
2401627400
2428456471
2427480242
2428824422
2378289720
2428825189
2428469574
2431916785
2403750482
2438551369
2427864474
2368998476
2440481213
2425924785
2425940390
2264228139
2439697423
2428765176
2420538485
2400076752
2411148403
2428809434
2401627400
2439109653
2425967715
2428270995
2428456471
2427480242
2378289720
2428469574
2427864474
2439697423
2428809434
2420015184
2428825189
2431916785
2317581478
2400078628
2438551369
2338380492
2428822587
2386930715
2442189906
2416899203
2425924785
2420538485
1995699454
2264228139
2434953872
2401627400
2428456471
2427480242
2378289720
2428469574
2427864474
2439697423
2428809434
2420015184
2428825189
2431916785
2317581478
2400078628
2438551369
2338380492
2428822587
2386930715
2442189906
2428273613
2416899203
2425924785
2420538485
1995699454
2264228139
2434953872
2428456471
2427480242
2428824422
2378289720
2428825189
2428469574
2431916785
2403750482
2438551369
2427864474
2368998476
2440481213
2439045906
2425924785
2420015184
1995699454
2425940390
2264228139
2439697423
2428765176
2420538485
2400076752
2411148403
2428809434
2401627400
2291650025
2441874465
2276619402
2441873528
2442008163
2428472590
2360791789
2428919720
2403750482
2280827366
2389411938
2389787842
2401646140
2315503356
2428570361
2435181188
2421587444
2430274181
2428477458
2400078628
2378289720
2238516438
2428456471
2427480242
2428477458
2378289720
2428825189
2431916785
2403750482
2438551369
2440481213
2427864474
2368998476
2425924785
2425940390
2264228139
2439697423
2428765176
2420538485
2400076752
2439423103
2411148403
2428809434
2439109653
2401627400
2425967715
2428270995
2428456471
2427480242
2428824422
2428477458
2378289720
2428825189
2431916785
2403750482
2438551369
2427864474
2440481213
2368998476
2439045906
2425924785
2420015184
1995699454
2425940390
2264228139
2439697423
2428765176
2420538485
2400076752
2439423103
2411148403
2428809434
2428456471
2427480242
2428824422
2428477458
2378289720
2428825189
2431916785
2403750482
2438551369
2427864474
2440481213
2440440008
2368998476
2439045906
2425924785
2420015184
1995699454
2425940390
2264228139
2439697423
2428765176
2420538485
2400076752
2439423103
2411148403
2428456471
2427480242
2428824422
2428477458
2378289720
2428825189
2431916785
2403750482
2438551369
2440481213
2427864474
2368998476
2439045906
2425924785
2420015184
1995699454
2425940390
2264228139
2439697423
2428765176
2420538485
2400076752
2439423103
2411148403
2428809434
2428456471
2427480242
2428824422
2428477458
2378289720
2428825189
2431916785
2403750482
2438551369
2440481213
2427864474
2368998476
2439045906
2425924785
2420015184
1995699454
2425940390
2264228139
2439697423
2428765176
2420538485
2400076752
2439423103
2411148403
2428809434
2428456471
2427480242
2428824422
2428477458
2378289720
2428825189
2431916785
2403750482
2438551369
2440481213
2427864474
2368998476
2439045906
2425924785
2420015184
1995699454
2425940390
2264228139
2439697423
2428765176
2420538485
2400076752
2439423103
2411148403
2428809434
2428456471
2427480242
2428824422
2428477458
2378289720
2428825189
2431916785
2403750482
2438551369
2427864474
2440481213
2440440008
2368998476
2439045906
2425924785
2420015184
1995699454
2425940390
2264228139
2439697423
2428765176
2420538485
2400076752
2439423103
2411148403
2428456471
2427480242
2428824422
2378289720
2428825189
2428469574
2431916785
2403750482
2438551369
2427864474
2368998476
2439045906
2440481213
2425924785
2420015184
1995699454
2425940390
2264228139
2439697423
2428765176
2420538485
2400076752
2411148403
2428809434
2401627400
2428456471
2427480242
2428824422
2428477458
2378289720
2428825189
2431916785
2403750482
2438551369
2440481213
2427864474
2368998476
2439045906
2425924785
2420015184
1995699454
2425940390
2264228139
2439697423
2428765176
2420538485
2400076752
2439423103
2411148403
2428809434
2428456471
2427480242
2428824422
2428477458
2378289720
2428825189
2431916785
2403750482
2438551369
2440481213
2427864474
2368998476
2439045906
2425924785
2420015184
1995699454
2425940390
2264228139
2439697423
2428765176
2420538485
2400076752
2439423103
2411148403
2428809434
2428456471
2427480242
2428824422
2378289720
2428825189
2428469574
2431916785
2403750482
2438551369
2427864474
2368998476
2440481213
2439045906
2425924785
2420015184
1995699454
2425940390
2264228139
2439697423
2428765176
2420538485
2400076752
2411148403
2428809434
2401627400
2428456471
2427480242
2428824422
2378289720
2428825189
2428469574
2431916785
2403750482
2438551369
2427864474
2368998476
2440481213
2439045906
2425924785
2420015184
1995699454
2425940390
2264228139
2439697423
2428765176
2420538485
2400076752
2411148403
2428809434
2401627400
2428456471
2427480242
2428824422
2378289720
2428825189
2428469574
2431916785
2403750482
2438551369
2427864474
2440440008
2368998476
2440481213
2439045906
2425924785
2420015184
1995699454
2425940390
2264228139
2439697423
2428765176
2420538485
2400076752
2411148403
2428809434
2428456471
2427480242
2428824422
2428477458
2378289720
2428825189
2431916785
2403750482
2438551369
2440481213
2427864474
2368998476
2439045906
2425924785
2420015184
1995699454
2425940390
2264228139
2439697423
2428765176
2420538485
2400076752
2439423103
2411148403
2428809434
2426455383
2428472641
2437273361
2436269343
2400685913
2431916785
2400060682
2428472590
2428454309
2425482866
2408719471
2434963265
2396550422
2428571279
2441441721
2426455833
2428453085
2365576688
2400684959
2440386584
2419480056
2403715719
2312761355
2424987507
2428456471
2427480242
2428824422
2428477458
2378289720
2428825189
2431916785
2403750482
2438551369
2440481213
2427864474
2368998476
2439045906
2425924785
2420015184
1995699454
2425940390
2264228139
2439697423
2428765176
2420538485
2400076752
2439423103
2411148403
2428809434
2428456471
2427480242
2428824422
2428477458
2378289720
2428825189
2431916785
2403750482
2438551369
2440481213
2427864474
2368998476
2439045906
2425924785
2420015184
1995699454
2425940390
2264228139
2439697423
2428765176
2420538485
2400076752
2439423103
2411148403
2428809434
2428456471
2427480242
2428824422
2378289720
2428825189
2428469574
2431916785
2403750482
2438551369
2427864474
2368998476
2440481213
2439045906
2425924785
2420015184
1995699454
2425940390
2264228139
2439697423
2428765176
2420538485
2400076752
2411148403
2428809434
2401627400
2408682237
2441869911
2276619402
2423315708
2342686133
2382102950
2420538485
2428806659
2428469506
2399321389
2280827366
2370169769
2299631604
2434369203
2398508509
2401991255
2428469574
2322292766
2441875601
2428455721
2360791789
2414824260
2401680242
2428456471
2427480242
2428824422
2428477458
2378289720
2428825189
2431916785
2403750482
2438551369
2427864474
2440481213
2368998476
2439045906
2425924785
2420015184
1995699454
2425940390
2264228139
2439697423
2428765176
2420538485
2400076752
2439423103
2411148403
2428809434
2428456471
2427480242
2428824422
2428477458
2378289720
2428825189
2431916785
2403750482
2438551369
2440481213
2427864474
2368998476
2439045906
2425924785
2420015184
1995699454
2425940390
2264228139
2439697423
2428765176
2420538485
2400076752
2439423103
2411148403
2428809434
2428456471
2427480242
2428824422
2428477458
2378289720
2428825189
2431916785
2403750482
2438551369
2427864474
2440481213
2368998476
2439045906
2425924785
2420015184
1995699454
2425940390
2264228139
2439697423
2428765176
2420538485
2400076752
2439423103
2411148403
2428809434
2401460229
2436979225
2437273361
2342673538
2431916785
2441862445
2398505331
2342680831
2440351651
2434859062
2428919720
2427475229
2428565704
2428477458
2426729715
2378287749
2421533988
2321925512
2400078628
2428472729
2440387577
2342676119
2360787777
2428571280
2428456471
2427480242
2428824422
2378289720
2428825189
2428469574
2431916785
2403750482
2438551369
2427864474
2368998476
2440481213
2439045906
2425924785
2420015184
1995699454
2425940390
2264228139
2439697423
2428765176
2420538485
2400076752
2411148403
2428809434
2401627400
2428456471
2427480242
2428824422
2428477458
2378289720
2428825189
2431916785
2403750482
2438551369
2440481213
2427864474
2368998476
2439045906
2425924785
2420015184
1995699454
2425940390
2264228139
2439697423
2428765176
2420538485
2400076752
2439423103
2411148403
2428809434
2428456471
2427480242
2428824422
2378289720
2428825189
2428469574
2431916785
2403750482
2438551369
2427864474
2368998476
2439045906
2440481213
2425924785
2420015184
1995699454
2425940390
2264228139
2439697423
2428765176
2420538485
2400076752
2411148403
2428809434
2401627400
2428456471
2427480242
2428824422
2428477458
2378289720
2428825189
2431916785
2403750482
2438551369
2440481213
2427864474
2368998476
2439045906
2425924785
2420015184
1995699454
2425940390
2264228139
2439697423
2428765176
2420538485
2400076752
2439423103
2411148403
2428809434
2428456471
2427480242
2428824422
2428477458
2378289720
2428825189
2431916785
2403750482
2438551369
2440481213
2427864474
2368998476
2439045906
2425924785
2420015184
1995699454
2425940390
2264228139
2439697423
2428765176
2420538485
2400076752
2439423103
2411148403
2428809434
2427480242
2428456471
2378289720
2428469574
2427864474
2428825189
2439697423
2428809434
2431916785
2317581478
2400078628
2438551369
2338380492
2428822587
2386930715
2416899203
2425924785
2420538485
2264228139
2434953872
2403750482
2401627400
2403705714
2368998476
2403753151
2436979225
2437273361
2440358058
2401459390
2305866352
2392350243
2403711113
2371522743
2440351651
2011596761
2428570361
2421243673
2349770874
2428477458
2441441721
2426455833
2403750482
2428546178
2322292766
2428472729
2440387577
2427475229
2403717473
2400685913
2428456471
2427480242
2428824422
2428477458
2378289720
2428825189
2431916785
2403750482
2438551369
2427864474
2440481213
2368998476
2439045906
2425924785
2420015184
1995699454
2425940390
2264228139
2439697423
2428765176
2420538485
2400076752
2439423103
2411148403
2428809434
2428456471
2427480242
2428824422
2428477458
2378289720
2428825189
2431916785
2403750482
2438551369
2440481213
2427864474
2368998476
2439045906
2425924785
2420015184
1995699454
2425940390
2264228139
2439697423
2428765176
2420538485
2400076752
2439423103
2411148403
2428809434
2428456471
2427480242
2428824422
2428477458
2378289720
2428825189
2431916785
2403750482
2438551369
2440481213
2427864474
2368998476
2439045906
2425924785
2420015184
1995699454
2425940390
2264228139
2439697423
2428765176
2420538485
2400076752
2439423103
2411148403
2428809434
2428456471
2427480242
2428824422
2378289720
2428825189
2428469574
2431916785
2403750482
2438551369
2427864474
2368998476
2440481213
2439045906
2425924785
2420015184
1995699454
2425940390
2264228139
2439697423
2428765176
2420538485
2400076752
2411148403
2428809434
2401627400
2428456471
2427480242
2428824422
2378289720
2428825189
2428469574
2431916785
2403750482
2438551369
2427864474
2368998476
2440481213
2439045906
2425924785
2420015184
1995699454
2425940390
2264228139
2439697423
2428765176
2420538485
2400076752
2411148403
2428809434
2401627400
2428456471
2427480242
2428824422
2378289720
2428825189
2428469574
2431916785
2403750482
2438551369
2427864474
2368998476
2440481213
2439045906
2425924785
2420015184
1995699454
2425940390
2264228139
2439697423
2428765176
2420538485
2400076752
2411148403
2428809434
2401627400
2428456471
2427480242
2428824422
2428477458
2378289720
2428825189
2431916785
2403750482
2438551369
2440481213
2427864474
2368998476
2439045906
2425924785
2420015184
1995699454
2425940390
2264228139
2439697423
2428765176
2420538485
2400076752
2439423103
2411148403
2428809434
2371522743
2428472641
2437273361
2427829619
2377239285
2429515575
2439218586
2316617593
2428454309
2425482866
2427475229
2396547763
2428571279
2440358058
2426729715
2271150792
2417237996
2338380492
2440386584
2419480056
2421475408
2436862494
2305866352
2428456471
2427480242
2428824422
2428477458
2378289720
2428825189
2431916785
2403750482
2438551369
2440481213
2427864474
2368998476
2425924785
2425940390
2264228139
2439697423
2428765176
2420538485
2400076752
2439423103
2411148403
2428809434
2439109653
2401627400
2425967715
2427480242
2428456471
2378289720
2428469574
2427864474
2428825189
2439697423
2428809434
2420015184
2431916785
2317581478
2400078628
2438551369
2338380492
2428822587
2386930715
2442189906
2416899203
2425924785
2420538485
1995699454
2264228139
2434953872
2403750482
2427480242
2428456471
2378289720
2428469574
2427864474
2428825189
2439697423
2428809434
2420015184
2431916785
2317581478
2400078628
2438551369
2338380492
2428822587
2386930715
2442189906
2416899203
2425924785
2420538485
1995699454
2264228139
2434953872
2403750482
2428456471
2427480242
2428824422
2378289720
2428825189
2428469574
2431916785
2403750482
2438551369
2427864474
2368998476
2439045906
2440481213
2425924785
2420015184
1995699454
2425940390
2264228139
2439697423
2428765176
2420538485
2400076752
2411148403
2428809434
2401627400
2428456471
2427480242
2428824422
2428477458
2378289720
2428825189
2431916785
2403750482
2438551369
2427864474
2440481213
2368998476
2439045906
2425924785
2420015184
1995699454
2425940390
2264228139
2439697423
2428765176
2420538485
2400076752
2439423103
2411148403
2428809434
2428456471
2427480242
2428824422
2378289720
2428825189
2428469574
2431916785
2403750482
2438551369
2427864474
2368998476
2439045906
2440481213
2425924785
2420015184
1995699454
2425940390
2264228139
2439697423
2428765176
2420538485
2400076752
2411148403
2428809434
2401627400
2428456471
2427480242
2428824422
2428477458
2378289720
2428825189
2431916785
2403750482
2438551369
2440481213
2427864474
2368998476
2439045906
2425924785
2420015184
1995699454
2425940390
2264228139
2439697423
2428765176
2420538485
2400076752
2439423103
2411148403
2428809434
2428456471
2427480242
2428824422
2428477458
2378289720
2428825189
2431916785
2403750482
2438551369
2440481213
2427864474
2368998476
2439045906
2425924785
2420015184
1995699454
2425940390
2264228139
2439697423
2428765176
2420538485
2400076752
2439423103
2411148403
2428809434
2428456471
2427480242
2428824422
2428477458
2378289720
2428825189
2431916785
2403750482
2438551369
2440481213
2427864474
2368998476
2439045906
2425924785
2420015184
1995699454
2425940390
2264228139
2439697423
2428765176
2420538485
2400076752
2439423103
2411148403
2428809434
2428456471
2427480242
2428824422
2428477458
2378289720
2428825189
2431916785
2403750482
2438551369
2440481213
2427864474
2368998476
2439045906
2425924785
2420015184
1995699454
2425940390
2264228139
2439697423
2428765176
2420538485
2400076752
2439423103
2411148403
2428809434
2428456471
2427480242
2378289720
2428469574
2427864474
2439697423
2428809434
2420015184
2428825189
2431916785
2317581478
2400078628
2438551369
2338380492
2428822587
2386930715
2442189906
2416899203
2425924785
2420538485
1995699454
2264228139
2434953872
2401627400
2428456471
2427480242
2378289720
2428825189
2428469574
2431916785
2403750482
2438551369
2427864474
2368998476
2440481213
2425924785
2425940390
2264228139
2439697423
2428765176
2420538485
2400076752
2411148403
2428809434
2401627400
2439109653
2425967715
2428270995
2428456471
2427480242
2428824422
2378289720
2428825189
2428469574
2431916785
2403750482
2438551369
2427864474
2368998476
2440481213
2439045906
2425924785
2420015184
1995699454
2425940390
2264228139
2439697423
2428765176
2420538485
2400076752
2411148403
2428809434
2401627400
2428456471
2427480242
2428824422
2428477458
2378289720
2428825189
2431916785
2403750482
2438551369
2440481213
2427864474
2368998476
2439045906
2425924785
2420015184
1995699454
2425940390
2264228139
2439697423
2428765176
2420538485
2400076752
2439423103
2411148403
2428809434
2428456471
2427480242
2428824422
2378289720
2428825189
2428469574
2431916785
2403750482
2438551369
2427864474
2368998476
2440481213
2439045906
2425924785
2420015184
1995699454
2425940390
2264228139
2439697423
2428765176
2420538485
2400076752
2411148403
2428809434
2401627400
2428456471
2427480242
2428824422
2378289720
2428825189
2428469574
2431916785
2403750482
2438551369
2427864474
2368998476
2439045906
2440481213
2425924785
2420015184
1995699454
2425940390
2264228139
2439697423
2428765176
2420538485
2400076752
2411148403
2428809434
2401627400
2428456471
2427480242
2428824422
2428477458
2378289720
2428825189
2431916785
2403750482
2438551369
2440481213
2427864474
2368998476
2439045906
2425924785
2420015184
1995699454
2425940390
2264228139
2439697423
2428765176
2420538485
2400076752
2439423103
2411148403
2428809434
2428456471
2427480242
2428824422
2428477458
2378289720
2428825189
2431916785
2403750482
2438551369
2440481213
2427864474
2368998476
2439045906
2425924785
2420015184
1995699454
2425940390
2264228139
2439697423
2428765176
2420538485
2400076752
2439423103
2411148403
2428809434
2428456471
2427480242
2428824422
2378289720
2428825189
2428469574
2431916785
2403750482
2438551369
2427864474
2368998476
2440481213
2439045906
2425924785
2420015184
1995699454
2425940390
2264228139
2439697423
2428765176
2420538485
2400076752
2411148403
2428809434
2401627400
2428456471
2427480242
2428824422
2428477458
2378289720
2428825189
2431916785
2403750482
2438551369
2440481213
2427864474
2368998476
2439045906
2425924785
2420015184
1995699454
2425940390
2264228139
2439697423
2428765176
2420538485
2400076752
2439423103
2411148403
2428809434
2428456471
2427480242
2428824422
2378289720
2428825189
2428469574
2431916785
2403750482
2438551369
2427864474
2368998476
2440481213
2439045906
2425924785
2420015184
1995699454
2425940390
2264228139
2439697423
2428765176
2420538485
2400076752
2411148403
2428809434
2401627400
2428456471
2427480242
2378289720
2428825189
2428469574
2431916785
2403750482
2438551369
2427864474
2368998476
2440481213
2425924785
2425940390
2264228139
2439697423
2428765176
2420538485
2400076752
2411148403
2428809434
2401627400
2439109653
2425967715
2428270995
2428456471
2427480242
2428477458
2378289720
2428825189
2431916785
2403750482
2438551369
2440481213
2427864474
2368998476
2425924785
2425940390
2264228139
2439697423
2428765176
2420538485
2400076752
2439423103
2411148403
2428809434
2439109653
2401627400
2425967715
2428270995
2428456471
2427480242
2428824422
2428477458
2378289720
2428825189
2431916785
2403750482
2438551369
2440481213
2427864474
2368998476
2439045906
2425924785
2420015184
1995699454
2425940390
2264228139
2439697423
2428765176
2420538485
2400076752
2439423103
2411148403
2428809434
2428456471
2427480242
2428824422
2378289720
2428825189
2428469574
2431916785
2403750482
2438551369
2427864474
2368998476
2440481213
2439045906
2425924785
2420015184
1995699454
2425940390
2264228139
2439697423
2428765176
2420538485
2400076752
2411148403
2428809434
2401627400
2428456471
2427480242
2428824422
2428477458
2378289720
2428825189
2431916785
2403750482
2438551369
2440481213
2427864474
2368998476
2439045906
2425924785
2420015184
1995699454
2425940390
2264228139
2439697423
2428765176
2420538485
2400076752
2439423103
2411148403
2428809434
2428456471
2427480242
2428824422
2428477458
2378289720
2428825189
2431916785
2403750482
2438551369
2440481213
2427864474
2368998476
2439045906
2425924785
2420015184
1995699454
2425940390
2264228139
2439697423
2428765176
2420538485
2400076752
2439423103
2411148403
2428809434
2428456471
2427480242
2428824422
2428477458
2378289720
2428825189
2431916785
2403750482
2438551369
2427864474
2440481213
2368998476
2439045906
2425924785
2420015184
1995699454
2425940390
2264228139
2439697423
2428765176
2420538485
2400076752
2439423103
2411148403
2428809434
2428456471
2427480242
2428824422
2428477458
2378289720
2428825189
2431916785
2403750482
2438551369
2440481213
2427864474
2368998476
2439045906
2425924785
2420015184
1995699454
2425940390
2264228139
2439697423
2428765176
2420538485
2400076752
2439423103
2411148403
2428809434
2428456471
2427480242
2428824422
2428477458
2378289720
2428825189
2431916785
2403750482
2438551369
2440481213
2427864474
2368998476
2439045906
2425924785
2420015184
1995699454
2425940390
2264228139
2439697423
2428765176
2420538485
2400076752
2439423103
2411148403
2428809434
2428456471
2427480242
2428824422
2378289720
2428825189
2428469574
2431916785
2403750482
2438551369
2427864474
2368998476
2439045906
2440481213
2425924785
2420015184
1995699454
2425940390
2264228139
2439697423
2428765176
2420538485
2400076752
2411148403
2428809434
2401627400
2428456471
2427480242
2428824422
2428477458
2378289720
2428825189
2431916785
2403750482
2438551369
2440481213
2427864474
2368998476
2439045906
2425924785
2420015184
1995699454
2425940390
2264228139
2439697423
2428765176
2420538485
2400076752
2439423103
2411148403
2428809434
2428456471
2427480242
2428824422
2378289720
2428825189
2428469574
2431916785
2403750482
2438551369
2427864474
2368998476
2439045906
2440481213
2425924785
2420015184
1995699454
2425940390
2264228139
2439697423
2428765176
2420538485
2400076752
2411148403
2428809434
2401627400
2291650025
2399075888
2276619402
2420538485
2315373652
2442008163
2425924785
2220733309
2441871643
2423311763
2370027449
2378289720
2353767198
2428809434
2401646140
2439119931
2441869927
2421475408
2424967312
2427282682
2398505738
2441873501
2374469323
2378287749
2238516438
2428456471
2427480242
2428824422
2428477458
2378289720
2428825189
2431916785
2403750482
2438551369
2440481213
2427864474
2368998476
2439045906
2425924785
2420015184
1995699454
2425940390
2264228139
2439697423
2428765176
2420538485
2400076752
2439423103
2411148403
2428809434
2428456471
2427480242
2428824422
2378289720
2428825189
2428469574
2431916785
2403750482
2438551369
2427864474
2368998476
2439045906
2440481213
2425924785
2420015184
1995699454
2425940390
2264228139
2439697423
2428765176
2420538485
2400076752
2411148403
2428809434
2401627400
2428456471
2427480242
2428824422
2378289720
2428825189
2428469574
2431916785
2403750482
2438551369
2427864474
2368998476
2439045906
2440481213
2425924785
2420015184
1995699454
2425940390
2264228139
2439697423
2428765176
2420538485
2400076752
2411148403
2428809434
2401627400
2428456471
2427480242
2428824422
2428477458
2378289720
2428825189
2431916785
2403750482
2438551369
2440481213
2427864474
2368998476
2439045906
2425924785
2420015184
1995699454
2425940390
2264228139
2439697423
2428765176
2420538485
2400076752
2439423103
2411148403
2428809434
2428456471
2427480242
2428824422
2428477458
2378289720
2428825189
2431916785
2403750482
2438551369
2440481213
2427864474
2368998476
2439045906
2425924785
2420015184
1995699454
2425940390
2264228139
2439697423
2428765176
2420538485
2400076752
2439423103
2411148403
2428809434
2428456471
2427480242
2428824422
2378289720
2428825189
2428469574
2431916785
2403750482
2438551369
2427864474
2368998476
2440481213
2439045906
2425924785
2420015184
1995699454
2425940390
2264228139
2439697423
2428765176
2420538485
2400076752
2411148403
2428809434
2401627400
2428456471
2427480242
2428824422
2378289720
2428825189
2428469574
2431916785
2403750482
2438551369
2427864474
2368998476
2440481213
2439045906
2425924785
2420015184
1995699454
2425940390
2264228139
2439697423
2428765176
2420538485
2400076752
2411148403
2428809434
2401627400
2428456471
2427480242
2428824422
2428477458
2378289720
2428825189
2431916785
2403750482
2438551369
2440481213
2427864474
2368998476
2439045906
2425924785
2420015184
1995699454
2425940390
2264228139
2439697423
2428765176
2420538485
2400076752
2439423103
2411148403
2428809434
2428456471
2427480242
2428824422
2428477458
2378289720
2428825189
2431916785
2403750482
2438551369
2440481213
2427864474
2368998476
2439045906
2425924785
2420015184
1995699454
2425940390
2264228139
2439697423
2428765176
2420538485
2400076752
2439423103
2411148403
2428809434
2428456471
2427480242
2428824422
2428477458
2378289720
2428825189
2431916785
2403750482
2438551369
2440481213
2427864474
2368998476
2439045906
2425924785
2420015184
1995699454
2425940390
2264228139
2439697423
2428765176
2420538485
2400076752
2439423103
2411148403
2428809434
2428456471
2427480242
2428824422
2378289720
2428825189
2428469574
2431916785
2403750482
2438551369
2427864474
2368998476
2439045906
2440481213
2425924785
2420015184
1995699454
2425940390
2264228139
2439697423
2428765176
2420538485
2400076752
2411148403
2428809434
2401627400
2428456471
2427480242
2428477458
2378289720
2428825189
2431916785
2403750482
2438551369
2440481213
2427864474
2368998476
2425924785
2425940390
2264228139
2439697423
2428765176
2420538485
2400076752
2439423103
2411148403
2428809434
2439109653
2401627400
2425967715
2428270995
2428456471
2427480242
2378289720
2428469574
2427864474
2439697423
2428809434
2420015184
2428825189
2431916785
2317581478
2400078628
2438551369
2338380492
2428822587
2386930715
2442189906
2428273613
2416899203
2425924785
2420538485
1995699454
2264228139
2434953872
2428456471
2427480242
2428824422
2428477458
2378289720
2428825189
2431916785
2403750482
2438551369
2440481213
2427864474
2368998476
2439045906
2425924785
2420015184
1995699454
2425940390
2264228139
2439697423
2428765176
2420538485
2400076752
2439423103
2411148403
2428809434
2427480242
2428456471
2378289720
2428469574
2427864474
2428825189
2439697423
2428809434
2431916785
2317581478
2400078628
2438551369
2338380492
2428822587
2386930715
2416899203
2425924785
2420538485
2264228139
2434953872
2403750482
2401627400
2403705714
2368998476
2428456471
2427480242
2428824422
2378289720
2428825189
2428469574
2431916785
2403750482
2438551369
2427864474
2440440008
2368998476
2440481213
2439045906
2425924785
2420015184
1995699454
2425940390
2264228139
2439697423
2428765176
2420538485
2400076752
2411148403
2428809434
2427480242
2428456471
2378289720
2428469574
2428825189
2427864474
2439697423
2428809434
2420015184
2431916785
2317581478
2400078628
2438551369
2338380492
2428822587
2386930715
2442189906
2428273613
2416899203
2425924785
2420538485
1995699454
2264228139
2434953872
2428456471
2427480242
2428824422
2428477458
2378289720
2428825189
2431916785
2403750482
2438551369
2440481213
2427864474
2368998476
2439045906
2425924785
2420015184
1995699454
2425940390
2264228139
2439697423
2428765176
2420538485
2400076752
2439423103
2411148403
2428809434
2428456471
2427480242
2428824422
2378289720
2428825189
2428469574
2431916785
2403750482
2438551369
2427864474
2368998476
2439045906
2440481213
2425924785
2420015184
1995699454
2425940390
2264228139
2439697423
2428765176
2420538485
2400076752
2411148403
2428809434
2401627400
2428456471
2427480242
2428824422
2378289720
2428825189
2428469574
2431916785
2403750482
2438551369
2427864474
2368998476
2440481213
2439045906
2425924785
2420015184
1995699454
2425940390
2264228139
2439697423
2428765176
2420538485
2400076752
2411148403
2428809434
2401627400
2428456471
2427480242
2428824422
2428477458
2378289720
2428825189
2431916785
2403750482
2438551369
2440481213
2427864474
2368998476
2439045906
2425924785
2420015184
1995699454
2425940390
2264228139
2439697423
2428765176
2420538485
2400076752
2439423103
2411148403
2428809434
2428456471
2427480242
2428824422
2378289720
2428825189
2428469574
2431916785
2403750482
2438551369
2427864474
2368998476
2439045906
2440481213
2425924785
2420015184
1995699454
2425940390
2264228139
2439697423
2428765176
2420538485
2400076752
2411148403
2428809434
2401627400
2427480242
2428456471
2378289720
2428469574
2428825189
2427864474
2439697423
2428809434
2420015184
2431916785
2317581478
2400078628
2438551369
2338380492
2428822587
2386930715
2442189906
2428273613
2416899203
2425924785
2420538485
1995699454
2264228139
2434953872
2428456471
2427480242
2428824422
2428477458
2378289720
2428825189
2431916785
2403750482
2438551369
2427864474
2440481213
2368998476
2439045906
2425924785
2420015184
1995699454
2425940390
2264228139
2439697423
2428765176
2420538485
2400076752
2439423103
2411148403
2428809434
2428456471
2427480242
2428477458
2378289720
2428825189
2431916785
2403750482
2438551369
2440481213
2427864474
2368998476
2425924785
2425940390
2264228139
2439697423
2428765176
2420538485
2400076752
2439423103
2411148403
2428809434
2439109653
2401627400
2425967715
2428270995
2428456471
2427480242
2378289720
2428469574
2427864474
2439697423
2428809434
2428825189
2431916785
2317581478
2400078628
2438551369
2338380492
2428822587
2386930715
2428273613
2416899203
2425924785
2420538485
2264228139
2434953872
2401627400
2403750482
2403705714
2428456471
2427480242
2428824422
2378289720
2428825189
2428469574
2431916785
2403750482
2438551369
2427864474
2368998476
2439045906
2440481213
2425924785
2420015184
1995699454
2425940390
2264228139
2439697423
2428765176
2420538485
2400076752
2411148403
2428809434
2401627400
2428456471
2427480242
2428824422
2378289720
2428825189
2428469574
2431916785
2403750482
2438551369
2427864474
2368998476
2440481213
2425924785
2425940390
2264228139
2439697423
2428765176
2420538485
2400076752
2411148403
2428809434
2401627400
2439109653
2425967715
2428270995
2428456471
2427480242
2428824422
2378289720
2428825189
2428469574
2431916785
2403750482
2438551369
2427864474
2368998476
2439045906
2440481213
2425924785
2420015184
1995699454
2425940390
2264228139
2439697423
2428765176
2420538485
2400076752
2411148403
2428809434
2401627400
2428456471
2427480242
2428824422
2378289720
2428825189
2428469574
2431916785
2403750482
2438551369
2427864474
2368998476
2439045906
2440481213
2425924785
2420015184
1995699454
2425940390
2264228139
2439697423
2428765176
2420538485
2400076752
2411148403
2428809434
2401627400
2428456471
2427480242
2428824422
2378289720
2428825189
2428469574
2431916785
2403750482
2438551369
2427864474
2368998476
2439045906
2440481213
2425924785
2420015184
1995699454
2425940390
2264228139
2439697423
2428765176
2420538485
2400076752
2411148403
2428809434
2401627400
2428456471
2427480242
2428824422
2428477458
2378289720
2428825189
2431916785
2403750482
2438551369
2440481213
2427864474
2368998476
2439045906
2425924785
2420015184
1995699454
2425940390
2264228139
2439697423
2428765176
2420538485
2400076752
2439423103
2411148403
2428809434
2428456471
2427480242
2428824422
2428477458
2378289720
2428825189
2431916785
2403750482
2438551369
2427864474
2440481213
2368998476
2439045906
2425924785
2420015184
1995699454
2425940390
2264228139
2439697423
2428765176
2420538485
2400076752
2439423103
2411148403
2428809434
2428456471
2427480242
2428824422
2378289720
2428825189
2428469574
2431916785
2403750482
2438551369
2427864474
2368998476
2439045906
2440481213
2425924785
2420015184
1995699454
2425940390
2264228139
2439697423
2428765176
2420538485
2400076752
2411148403
2428809434
2401627400
2428456471
2427480242
2428824422
2378289720
2428825189
2428469574
2431916785
2403750482
2438551369
2427864474
2368998476
2440481213
2439045906
2425924785
2420015184
1995699454
2425940390
2264228139
2439697423
2428765176
2420538485
2400076752
2411148403
2428809434
2401627400
2428456471
2427480242
2428824422
2428477458
2378289720
2428825189
2431916785
2403750482
2438551369
2440481213
2427864474
2368998476
2439045906
2425924785
2420015184
1995699454
2425940390
2264228139
2439697423
2428765176
2420538485
2400076752
2439423103
2411148403
2428809434
2428456471
2427480242
2428824422
2428477458
2378289720
2428825189
2431916785
2403750482
2438551369
2440481213
2427864474
2368998476
2439045906
2425924785
2420015184
1995699454
2425940390
2264228139
2439697423
2428765176
2420538485
2400076752
2439423103
2411148403
2428809434
2428456471
2427480242
2378289720
2428825189
2428469574
2431916785
2403750482
2438551369
2427864474
2368998476
2440481213
2425924785
2425940390
2264228139
2439697423
2428765176
2420538485
2400076752
2411148403
2428809434
2401627400
2439109653
2425967715
2428270995
2428456471
2427480242
2428824422
2428477458
2378289720
2428825189
2431916785
2403750482
2438551369
2427864474
2440481213
2368998476
2439045906
2425924785
2420015184
1995699454
2425940390
2264228139
2439697423
2428765176
2420538485
2400076752
2439423103
2411148403
2428809434
2427480242
2428456471
2378289720
2428469574
2427864474
2428825189
2439697423
2428809434
2420015184
2431916785
2317581478
2400078628
2438551369
2338380492
2428822587
2386930715
2442189906
2416899203
2425924785
2420538485
1995699454
2264228139
2434953872
2403750482
2428456471
2427480242
2428824422
2378289720
2428825189
2428469574
2431916785
2403750482
2438551369
2427864474
2368998476
2440481213
2439045906
2425924785
2420015184
1995699454
2425940390
2264228139
2439697423
2428765176
2420538485
2400076752
2411148403
2428809434
2401627400
2428456471
2427480242
2428824422
2428477458
2378289720
2428825189
2431916785
2403750482
2438551369
2427864474
2440481213
2368998476
2439045906
2425924785
2420015184
1995699454
2425940390
2264228139
2439697423
2428765176
2420538485
2400076752
2439423103
2411148403
2428809434
2428456471
2427480242
2428824422
2428477458
2378289720
2428825189
2431916785
2403750482
2438551369
2440481213
2427864474
2368998476
2439045906
2425924785
2420015184
1995699454
2425940390
2264228139
2439697423
2428765176
2420538485
2400076752
2439423103
2411148403
2428809434
2428456471
2427480242
2428824422
2428477458
2378289720
2428825189
2431916785
2403750482
2438551369
2440481213
2427864474
2368998476
2439045906
2425924785
2420015184
1995699454
2425940390
2264228139
2439697423
2428765176
2420538485
2400076752
2439423103
2411148403
2428809434
2428456471
2427480242
2428824422
2428477458
2378289720
2428825189
2431916785
2403750482
2438551369
2427864474
2440481213
2368998476
2439045906
2425924785
2420015184
1995699454
2425940390
2264228139
2439697423
2428765176
2420538485
2400076752
2439423103
2411148403
2428809434
2428456471
2427480242
2428824422
2428477458
2378289720
2428825189
2431916785
2403750482
2438551369
2440481213
2427864474
2368998476
2439045906
2425924785
2420015184
1995699454
2425940390
2264228139
2439697423
2428765176
2420538485
2400076752
2439423103
2411148403
2428809434
2428456471
2427480242
2428824422
2378289720
2428825189
2428469574
2431916785
2403750482
2438551369
2427864474
2368998476
2439045906
2440481213
2425924785
2420015184
1995699454
2425940390
2264228139
2439697423
2428765176
2420538485
2400076752
2411148403
2428809434
2401627400
2428456471
2427480242
2428824422
2428477458
2378289720
2428825189
2431916785
2403750482
2438551369
2427864474
2440481213
2368998476
2425924785
2425940390
2264228139
2439697423
2428765176
2420538485
2400076752
2439423103
2411148403
2428809434
2439109653
2401627400
2425967715
2428456471
2427480242
2428824422
2428477458
2378289720
2428825189
2431916785
2403750482
2438551369
2440481213
2427864474
2368998476
2439045906
2425924785
2420015184
1995699454
2425940390
2264228139
2439697423
2428765176
2420538485
2400076752
2439423103
2411148403
2428809434
2389787842
2441869911
2276619402
2413475195
2436131789
2342429572
2338380492
2370169769
2403750482
2370027449
2353767198
2416791102
2401646140
2401459390
2428809434
2431263304
2254448789
2430274181
2428477458
2422870035
2385220267
2403717473
2428456471
2427480242
2428824422
2378289720
2428825189
2428469574
2431916785
2403750482
2438551369
2427864474
2368998476
2440481213
2439045906
2425924785
2420015184
1995699454
2425940390
2264228139
2439697423
2428765176
2420538485
2400076752
2411148403
2428809434
2401627400
2428456471
2427480242
2428824422
2378289720
2428825189
2428469574
2431916785
2403750482
2438551369
2427864474
2368998476
2439045906
2440481213
2425924785
2420015184
1995699454
2425940390
2264228139
2439697423
2428765176
2420538485
2400076752
2411148403
2428809434
2401627400
2428456471
2427480242
2378289720
2428469574
2427864474
2439697423
2428809434
2428825189
2431916785
2317581478
2400078628
2438551369
2338380492
2428822587
2386930715
2416899203
2425924785
2420538485
2264228139
2434953872
2401627400
2403750482
2403705714
2368998476
2428456471
2427480242
2428824422
2428477458
2378289720
2428825189
2431916785
2403750482
2438551369
2440481213
2427864474
2368998476
2439045906
2425924785
2420015184
1995699454
2425940390
2264228139
2439697423
2428765176
2420538485
2400076752
2439423103
2411148403
2428809434
2428456471
2427480242
2378289720
2428469574
2427864474
2439697423
2428809434
2420015184
2428825189
2431916785
2317581478
2400078628
2438551369
2338380492
2428822587
2386930715
2442189906
2416899203
2425924785
2420538485
1995699454
2264228139
2434953872
2401627400
2428456471
2427480242
2428824422
2428477458
2378289720
2428825189
2431916785
2403750482
2438551369
2440481213
2427864474
2368998476
2439045906
2425924785
2420015184
1995699454
2425940390
2264228139
2439697423
2428765176
2420538485
2400076752
2439423103
2411148403
2428809434
2428456471
2427480242
2428824422
2378289720
2428825189
2428469574
2431916785
2403750482
2438551369
2427864474
2368998476
2440481213
2439045906
2425924785
2420015184
1995699454
2425940390
2264228139
2439697423
2428765176
2420538485
2400076752
2411148403
2428809434
2401627400
2428456471
2427480242
2428824422
2428477458
2378289720
2428825189
2431916785
2403750482
2438551369
2440481213
2427864474
2368998476
2439045906
2425924785
2420015184
1995699454
2425940390
2264228139
2439697423
2428765176
2420538485
2400076752
2439423103
2411148403
2428809434
2428456471
2427480242
2428824422
2378289720
2428825189
2428469574
2431916785
2403750482
2438551369
2427864474
2368998476
2440481213
2439045906
2425924785
2420015184
1995699454
2425940390
2264228139
2439697423
2428765176
2420538485
2400076752
2411148403
2428809434
2401627400
2428456471
2427480242
2428824422
2428477458
2378289720
2428825189
2431916785
2403750482
2438551369
2440481213
2427864474
2368998476
2439045906
2425924785
2420015184
1995699454
2425940390
2264228139
2439697423
2428765176
2420538485
2400076752
2439423103
2411148403
2428809434
2428456471
2427480242
2428824422
2378289720
2428825189
2428469574
2431916785
2403750482
2438551369
2427864474
2368998476
2440481213
2439045906
2425924785
2420015184
1995699454
2425940390
2264228139
2439697423
2428765176
2420538485
2400076752
2411148403
2428809434
2401627400
2428456471
2427480242
2428824422
2428477458
2378289720
2428825189
2431916785
2403750482
2438551369
2427864474
2440481213
2368998476
2439045906
2425924785
2420015184
1995699454
2425940390
2264228139
2439697423
2428765176
2420538485
2400076752
2439423103
2411148403
2428809434
2428456471
2427480242
2428824422
2428477458
2378289720
2428825189
2431916785
2403750482
2438551369
2440481213
2427864474
2368998476
2439045906
2425924785
2420015184
1995699454
2425940390
2264228139
2439697423
2428765176
2420538485
2400076752
2439423103
2411148403
2428809434
2428456471
2427480242
2378289720
2428825189
2428469574
2431916785
2403750482
2438551369
2427864474
2368998476
2440481213
2425924785
2425940390
2264228139
2439697423
2428765176
2420538485
2400076752
2411148403
2428809434
2401627400
2439109653
2425967715
2428270995
2428456471
2427480242
2428824422
2428477458
2378289720
2428825189
2431916785
2403750482
2438551369
2440481213
2427864474
2368998476
2439045906
2425924785
2420015184
1995699454
2425940390
2264228139
2439697423
2428765176
2420538485
2400076752
2439423103
2411148403
2428809434
2427480242
2428456471
2378289720
2428469574
2428825189
2427864474
2439697423
2428809434
2431916785
2317581478
2400078628
2438551369
2338380492
2428822587
2386930715
2428273613
2416899203
2425924785
2420538485
2264228139
2434953872
2403750482
2401627400
2403705714
2428456471
2427480242
2428824422
2428477458
2378289720
2428825189
2431916785
2403750482
2438551369
2440481213
2427864474
2368998476
2439045906
2425924785
2420015184
1995699454
2425940390
2264228139
2439697423
2428765176
2420538485
2400076752
2439423103
2411148403
2428809434
2428456471
2427480242
2428824422
2428477458
2378289720
2428825189
2431916785
2403750482
2438551369
2427864474
2440481213
2368998476
2439045906
2425924785
2420015184
1995699454
2425940390
2264228139
2439697423
2428765176
2420538485
2400076752
2439423103
2411148403
2428809434
2428456471
2427480242
2428824422
2428477458
2378289720
2428825189
2431916785
2403750482
2438551369
2440481213
2427864474
2368998476
2439045906
2425924785
2420015184
1995699454
2425940390
2264228139
2439697423
2428765176
2420538485
2400076752
2439423103
2411148403
2428809434
2428456471
2427480242
2428824422
2378289720
2428825189
2428469574
2431916785
2403750482
2438551369
2427864474
2368998476
2440481213
2439045906
2425924785
2420015184
1995699454
2425940390
2264228139
2439697423
2428765176
2420538485
2400076752
2411148403
2428809434
2401627400
2428456471
2427480242
2428824422
2378289720
2428825189
2428469574
2431916785
2403750482
2438551369
2427864474
2368998476
2440481213
2425924785
2425940390
2264228139
2439697423
2428765176
2420538485
2400076752
2411148403
2428809434
2401627400
2439109653
2425967715
2428270995
2425966778
2441874465
2276619402
2190528791
2401991255
2442008163
2424987507
2431264132
2428460931
2399321389
2353767198
2401699284
2324323096
2439123409
2398508509
2342683410
2238516438
2386895315
2322292766
2370169769
2441875601
2428455721
2398316416
2392738078
2428456471
2427480242
2428824422
2378289720
2428825189
2428469574
2431916785
2403750482
2438551369
2427864474
2368998476
2440481213
2439045906
2425924785
2420015184
1995699454
2425940390
2264228139
2439697423
2428765176
2420538485
2400076752
2411148403
2428809434
2401627400
2396550422
2440351651
2437273361
2428929754
2246354073
2428469574
2421533988
2430259612
2364517464
2428451948
2434859062
2425482866
2407127006
2401017605
2429088640
2408087921
2439222177
2428453085
2400684959
2428420424
2428472729
2440821362
2428718270
2011596761
2428456471
2427480242
2428824422
2428477458
2378289720
2428825189
2431916785
2403750482
2438551369
2440481213
2427864474
2368998476
2439045906
2425924785
2420015184
1995699454
2425940390
2264228139
2439697423
2428765176
2420538485
2400076752
2439423103
2411148403
2428809434
2428456471
2427480242
2428824422
2378289720
2428825189
2428469574
2431916785
2403750482
2438551369
2427864474
2368998476
2440481213
2439045906
2425924785
2420015184
1995699454
2425940390
2264228139
2439697423
2428765176
2420538485
2400076752
2411148403
2428809434
2401627400
2428456471
2427480242
2428824422
2428477458
2378289720
2428825189
2431916785
2403750482
2438551369
2440481213
2427864474
2368998476
2439045906
2425924785
2420015184
1995699454
2425940390
2264228139
2439697423
2428765176
2420538485
2400076752
2439423103
2411148403
2428809434
2428456471
2427480242
2428824422
2378289720
2428825189
2428469574
2431916785
2403750482
2438551369
2427864474
2368998476
2440481213
2439045906
2425924785
2420015184
1995699454
2425940390
2264228139
2439697423
2428765176
2420538485
2400076752
2411148403
2428809434
2401627400
2428456471
2427480242
2428824422
2378289720
2428825189
2428469574
2431916785
2403750482
2438551369
2427864474
2368998476
2440481213
2439045906
2425924785
2420015184
1995699454
2425940390
2264228139
2439697423
2428765176
2420538485
2400076752
2411148403
2428809434
2401627400
2428456471
2427480242
2378289720
2428469574
2427864474
2439697423
2428809434
2420015184
2428825189
2431916785
2317581478
2400078628
2438551369
2338380492
2428822587
2386930715
2442189906
2416899203
2425924785
2420538485
1995699454
2264228139
2434953872
2401627400
2428456471
2427480242
2428824422
2378289720
2428825189
2428469574
2431916785
2403750482
2438551369
2427864474
2368998476
2440481213
2439045906
2425924785
2420015184
1995699454
2425940390
2264228139
2439697423
2428765176
2420538485
2400076752
2411148403
2428809434
2401627400
2427480242
2428456471
2378289720
2428469574
2427864474
2428825189
2439697423
2428809434
2420015184
2431916785
2317581478
2400078628
2438551369
2338380492
2428822587
2386930715
2442189906
2416899203
2425924785
2420538485
1995699454
2264228139
2434953872
2403750482
2428456471
2427480242
2428824422
2428477458
2378289720
2428825189
2431916785
2403750482
2438551369
2440481213
2427864474
2368998476
2439045906
2425924785
2420015184
1995699454
2425940390
2264228139
2439697423
2428765176
2420538485
2400076752
2439423103
2411148403
2428809434
2428456471
2427480242
2428824422
2428477458
2378289720
2428825189
2431916785
2403750482
2438551369
2440481213
2427864474
2368998476
2439045906
2425924785
2420015184
1995699454
2425940390
2264228139
2439697423
2428765176
2420538485
2400076752
2439423103
2411148403
2428809434
2428456471
2427480242
2428824422
2378289720
2428825189
2428469574
2431916785
2403750482
2438551369
2427864474
2368998476
2440481213
2439045906
2425924785
2420015184
1995699454
2425940390
2264228139
2439697423
2428765176
2420538485
2400076752
2411148403
2428809434
2401627400
2428456471
2427480242
2428824422
2428477458
2378289720
2428825189
2431916785
2403750482
2438551369
2440481213
2427864474
2368998476
2425924785
2425940390
2264228139
2439697423
2428765176
2420538485
2400076752
2439423103
2411148403
2428809434
2439109653
2401627400
2425967715
2427480242
2428456471
2378289720
2428469574
2428825189
2427864474
2439697423
2428809434
2420015184
2431916785
2317581478
2400078628
2438551369
2338380492
2428822587
2386930715
2442189906
2428273613
2416899203
2425924785
2420538485
1995699454
2264228139
2434953872
2428456471
2427480242
2428824422
2378289720
2428825189
2428469574
2431916785
2403750482
2438551369
2427864474
2368998476
2439045906
2440481213
2425924785
2420015184
1995699454
2425940390
2264228139
2439697423
2428765176
2420538485
2400076752
2411148403
2428809434
2401627400
2428456471
2427480242
2428824422
2428477458
2378289720
2428825189
2431916785
2403750482
2438551369
2440481213
2427864474
2368998476
2439045906
2425924785
2420015184
1995699454
2425940390
2264228139
2439697423
2428765176
2420538485
2400076752
2439423103
2411148403
2428809434
2428456471
2427480242
2428477458
2378289720
2428825189
2431916785
2403750482
2438551369
2440481213
2427864474
2368998476
2425924785
2425940390
2264228139
2439697423
2428765176
2420538485
2400076752
2439423103
2411148403
2428809434
2439109653
2401627400
2425967715
2428270995
2428456471
2427480242
2428824422
2378289720
2428825189
2428469574
2431916785
2403750482
2438551369
2427864474
2368998476
2440481213
2439045906
2425924785
2420015184
1995699454
2425940390
2264228139
2439697423
2428765176
2420538485
2400076752
2411148403
2428809434
2401627400
2428456471
2427480242
2378289720
2428469574
2427864474
2439697423
2428809434
2420015184
2428825189
2431916785
2317581478
2400078628
2438551369
2338380492
2428822587
2386930715
2442189906
2428273613
2416899203
2425924785
2420538485
1995699454
2264228139
2434953872
2424413232
2276619402
2385578434
2359473883
2434369203
2370169769
2011716808
2428451948
2370027449
2353767198
2428472590
2398508509
2433761335
2416899203
2417267175
2401457463
2428264423
2441875601
2440386584
2366500559
2424967312
2428570361
2428456471
2427480242
2428824422
2428477458
2378289720
2428825189
2431916785
2403750482
2438551369
2440481213
2427864474
2368998476
2439045906
2425924785
2420015184
1995699454
2425940390
2264228139
2439697423
2428765176
2420538485
2400076752
2439423103
2411148403
2428809434
2428456471
2427480242
2428824422
2378289720
2428825189
2428469574
2431916785
2403750482
2438551369
2427864474
2368998476
2440481213
2439045906
2425924785
2420015184
1995699454
2425940390
2264228139
2439697423
2428765176
2420538485
2400076752
2411148403
2428809434
2401627400
2428456471
2427480242
2428824422
2428477458
2378289720
2428825189
2431916785
2403750482
2438551369
2440481213
2427864474
2368998476
2439045906
2425924785
2420015184
1995699454
2425940390
2264228139
2439697423
2428765176
2420538485
2400076752
2439423103
2411148403
2428809434
2428456471
2427480242
2428824422
2378289720
2428825189
2428469574
2431916785
2403750482
2438551369
2427864474
2368998476
2439045906
2440481213
2425924785
2420015184
1995699454
2425940390
2264228139
2439697423
2428765176
2420538485
2400076752
2411148403
2428809434
2401627400
2428456471
2427480242
2428824422
2378289720
2428825189
2428469574
2431916785
2403750482
2438551369
2427864474
2368998476
2440481213
2439045906
2425924785
2420015184
1995699454
2425940390
2264228139
2439697423
2428765176
2420538485
2400076752
2411148403
2428809434
2401627400
2428456471
2427480242
2428824422
2378289720
2428825189
2428469574
2431916785
2403750482
2438551369
2427864474
2368998476
2440481213
2439045906
2425924785
2420015184
1995699454
2425940390
2264228139
2439697423
2428765176
2420538485
2400076752
2411148403
2428809434
2401627400
2428456471
2427480242
2428824422
2428477458
2378289720
2428825189
2431916785
2403750482
2438551369
2440481213
2427864474
2368998476
2439045906
2425924785
2420015184
1995699454
2425940390
2264228139
2439697423
2428765176
2420538485
2400076752
2439423103
2411148403
2428809434
2428456471
2427480242
2378289720
2428825189
2428469574
2431916785
2403750482
2438551369
2427864474
2368998476
2440481213
2425924785
2425940390
2264228139
2439697423
2428765176
2420538485
2400076752
2411148403
2428809434
2401627400
2439109653
2425967715
2428270995
