2384580138
2421578192
2427164979
2360964992
2427475097
2427467748
2408969296
2440495547
2428873368
2421518634
2403703651
2427482388
2427434339
2384580138
2421578192
2427164979
2429945335
2360964992
2427475097
2427467748
2408969296
2440495547
2428873368
2421518634
2403703651
2427482388
2427434339
2403704164
2396569380
2408720684
2429945412
2442537241
2379783732
2428865830
2419977093
2423590697
2428471577
2396549170
2386954624
2427164979
2402721591
2381795713
2427467748
2389797258
2384580138
2427482388
2428873368
2408969296
2379783732
2429945412
2396313877
2421518634
2403704164
2427475097
2427434339
2408720684
2396569380
2403703651
2423590697
2428471577
2428865830
2440456962
2426454869
2429712088
2376894551
2383140949
2440421443
2428334768
2440419742
2302899304
2440470081
2440422379
2438515118
2396549170
2432222288
2442524140
2440423346
